0.	0
0.075	0
0.15	0
0.225	0
0.3	0
0.375	0
0.45	0
0.525	0
0.6	0
0.675	0
0.75	0
0.825	0
0.9	0
0.975	0
1.05	0
1.125	0
1.2	0
1.275	0
1.35	0
1.425	0
1.5	0
1.575	0
1.65	0
1.725	0
1.8	0
1.875	0
1.95	0
2.025	0
2.1	0
2.175	0
2.25	0
2.325	0
2.4	0
2.475	0
2.55	0
2.625	0
2.7	0
2.775	0
2.85	0
2.925	0
3.	0
3.075	0
3.15	0
3.225	0
3.3	0
3.375	0
3.45	0
3.525	0
3.6	0
3.675	0
3.75	0
3.825	0
3.9	0
3.975	0
4.05	0
4.125	0
4.2	0
4.275	0
4.35	0
4.425	0
4.5	0
4.575	0
4.65	0
4.725	0
4.8	0
4.875	0
4.95	0
5.025	0
5.1	0
5.175	0
5.25	0
5.325	0
5.4	0
5.475	0
5.55	0
5.625	0
5.7	0.11078237565679458
5.775	0.11015370708621747
5.85	0.1095252152024229
5.925	0.10889694550871104
6.	0.10826894303376647
6.075	0.10764125233105099
6.15	0.10701391747827
6.225	0.1063869820769147
6.3	0.10576048925187904
6.375	0.10513448165114889
6.45	0.10450900144556355
6.525	0.10388409032865045
6.6	0.1032597895165293
6.675	0.10263613974788727
6.75	0.10201318128402347
6.825	0.10139095390896169
6.9	0.1007694969296315
6.975	0.10014884917611615
7.05	0.09952904900196655
7.125	0.09891013428458115
7.2	0.09829214242564982
7.275	0.09767511035166215
7.35	0.09705907451447887
7.425	0.09644407089196402
7.5	0.0958301349886812
7.575	0.09521730183664763
7.65	0.09460560599615006
7.725	0.09399508155661837
7.8	0.0933857621375575
7.875	0.09277768088953758
7.95	0.09217087049523875
8.025	0.09156536317055429
8.1	0.09096119066574573
8.175	0.09035838426665367
8.25	0.08975697479596124
8.325	0.08915699261451104
8.4	0.08855846762267106
8.475	0.0879614292617541
8.55	0.08736590651548538
8.625	0.08677192791151964
8.7	0.08617952152300648
8.775	0.08558871497020412
8.85	0.08499953542213724
8.925	0.08441200959830268
9.	0.08382616377042043
9.075	0.08324202376422682
9.15	0.08265961496131266
9.225	0.08207896230100276
9.3	0.08150009028227836
9.375	0.08092302296573915
9.45	0.08034778397560673
9.525	0.07977439650176532
9.6	0.07920288330184416
9.675	0.07863326670333359
9.75	0.07806556860574124
9.825	0.07749981048278265
9.9	0.07693601338460848
9.975	0.0763741979400634
10.05	0.07581438435898304
10.125	0.07525659243451933
10.2	0.07470084154550197
10.275	0.0741471506588277
10.35	0.07359553833188366
10.425	0.07304602271499683
10.5	0.07249862155391636
10.575	0.07195335219232163
10.65	0.07141023157435847
10.725	0.07086927624720271
10.8	0.07033050236364935
10.875	0.0697939256847269
10.95	0.06925956158233701
11.025	0.0687274250419171
11.1	0.06819753066512678
11.175	0.0676698926725562
11.25	0.06714452490645667
11.325	0.06662144083349109
11.4	0.0661006535475066
11.475	0.06558217577232474
11.55	0.06506601986455135
11.625	0.06455219781640535
11.7	0.06404072125856379
11.775	0.06353160146302429
11.85	0.06302484934598357
11.925	0.06252047547073197
12.	0.062018490050560954
12.075	0.06151890295168749
12.15	0.0610217236961896
12.225	0.06052696146495562
12.3	0.06003462510064621
12.375	0.059544723110666706
12.45	0.05905726367015145
12.525	0.058572254624958076
12.6	0.05808970349467117
12.675	0.05760961747561584
12.75	0.05713200344387836
12.825	0.05665686795833669
12.9	0.05618421726369635
12.975	0.055714057293534236
13.05	0.055246393673348
13.125	0.054781231723611115
13.2	0.054318576462833106
13.275	0.05385843261062408
13.35	0.05340080459076278
13.425	0.05294569653426895
13.5	0.052493112282476904
13.575	0.052043055390113495
13.65	0.051595529128375256
13.725	0.05115053648800934
13.8	0.050708080182392985
13.875	0.050268162650614824
13.95	0.04983078606055451
14.025	0.049395952311962345
14.1	0.04896366303953806
14.175	0.048533919616006296
14.25	0.048106723155191086
14.325	0.04768207451508751
14.4	0.047259974300929694
14.475	0.04684042286825538
14.55	0.046423420325966684
14.625	0.04600896653938542
14.7	0.045597061133305444
14.775	0.04518770349503719
14.85	0.04478089277744754
14.925	0.04437662790199441
15.	0.04397490756175287
15.075	0.04357573022443544
15.15	0.04317909413540484
15.225	0.042784997320678704
15.3	0.04239343758992595
15.375	0.042004412539454895
15.45	0.04161791955519292
15.525	0.04123395581565545
15.6	0.040852518294906534
15.675	0.04047360376550925
15.75	0.040097208801465264
15.825	0.039723329781144075
15.9	0.03935196289020137
15.975	0.038983104124485954
16.05	0.03861674929293467
16.125	0.03825289402045616
16.2	0.03789153375080174
16.275	0.03753266374942395
16.35	0.03717627910632225
16.425	0.0368223747388759
16.5	0.03647094539466269
16.575	0.03612198565426532
16.65	0.03577548993406195
16.725	0.035431452489004804
16.8	0.03508986741538234
16.875	0.03475072865356806
16.95	0.03441402999075396
17.025	0.03407976506366842
17.1	0.03374792736127947
17.175	0.03341851022748215
17.25	0.03309150686376953
17.325	0.03276691033188862
17.4	0.03244471355647917
17.475	0.03212490932769701
17.55	0.03180749030381925
17.625	0.03149244901383464
17.7	0.031179777860015204
17.775	0.030869469120471563
17.85	0.030561514951690624
17.925	0.030255907391056342
18.	0.029952638359351698
18.075	0.029651699663243623
18.15	0.029353082997750225
18.225	0.02905677994868911
18.3	0.028762781995107855
18.375	0.028471080511696074
18.45	0.02818166677117908
18.525	0.027894531946692655
18.6	0.027609667114139022
18.675	0.027327063254524483
18.75	0.0270467112562774
18.825	0.02676860191754743
18.9	0.026492725948485712
18.975	0.026219073973505473
19.05	0.02594763653352336
19.125	0.025678404088181686
19.2	0.025411367018050253
19.275	0.025146515626810015
19.35	0.024883840143415454
19.425	0.02462333072423852
19.5	0.02436497745519195
19.575	0.02410877035383344
19.65	0.023854699371448997
19.725	0.023602754395117304
19.8	0.02335292524975359
19.875	0.02310520170013343
19.95	0.022859573452896742
20.025	0.022616030158531465
20.1	0.022374561413337105
20.175	0.022135156761368513
20.25	0.02189780569635891
20.325	0.021662497663623295
20.4	0.021429222061941207
20.475	0.02119796824541952
20.55	0.020968725525335217
20.625	0.020741483171957394
20.7	0.020516230416349805
20.775	0.02029295645215258
20.85	0.02007165043734412
20.925	0.01985230149598265
21.	0.019634898719927754
21.075	0.01941943117054187
21.15	0.019205887880371208
21.225	0.01899425785480728
21.3	0.018784530073727813
21.375	0.01857669349311786
21.45	0.018370737046671064
21.525	0.018166649647370883
21.6	0.01796442018905161
21.675	0.01776403754794026
21.75	0.01756549058417793
21.825	0.01736876814332186
21.9	0.017173859057827503
21.975	0.016980752148511326
22.05	0.016789436225993735
22.125	0.016599900092122373
22.2	0.01641213254137649
22.275	0.016226122362251353
22.35	0.016041858338623628
22.425	0.01585932925109767
22.5	0.01567852387833201
22.575	0.015499430998347599
22.65	0.015322039389816541
22.725	0.015146337833331741
22.8	0.01497231511265813
22.875	0.014799960015964956
22.95	0.014629261337039179
23.025	0.014460207876480613
23.1	0.014292788442878325
23.175	0.014126991853968767
23.25	0.013962806937775508
23.325	0.013800222533730835
23.4	0.013639227493778976
23.475	0.013479810683461917
23.55	0.013321960982986424
23.625	0.013165667288274124
23.7	0.013010918511993133
23.775	0.012857703584572788
23.85	0.012706011455200132
23.925	0.012555831092799794
24.	0.012407151486995796
24.075	0.012259961649056952
24.15	0.012114250612824694
24.225	0.011970007435624094
24.3	0.011827221199158338
24.375	0.011685881010385916
24.45	0.011545976002381856
24.525	0.011407495335182184
24.6	0.011270428196611842
24.675	0.011134763803096942
24.75	0.01100049140046029
24.825	0.010867600264701398
24.9	0.010736079702760356
24.975	0.010605919053266192
25.05	0.010477107687269427
25.125	0.010349635008959262
25.2	0.01022349045636541
25.275	0.010098663502044693
25.35	0.009975143653752478
25.425	0.009852920455099364
25.5	0.009731983486192638
25.575	0.009612322364263454
25.65	0.0094939267442792
25.725	0.009376786319541428
25.8	0.009260890822269573
25.875	0.009146230024170367
25.95	0.00903279373699336
26.025	0.008920571813072374
26.1	0.008809554145853217
26.175	0.008699730670407932
26.25	0.008591091363935176
26.325	0.008483626246247586
26.4	0.00837732538024565
26.475	0.0082721788723786
26.55	0.008168176873092296
26.625	0.0080653095772642
26.7	0.007963567224625816
26.775	0.007862940100172418
26.85	0.007763418534560289
26.925	0.007664992904491933
27.	0.007567653633088743
27.075	0.007471391190252004
27.15	0.007376196093011756
27.225	0.007282058905864006
27.3	0.007188970241096293
27.375	0.007096920759101735
27.45	0.007005901168681785
27.525	0.0069159022273376745
27.6	0.006826914741550899
27.675	0.00673892956705262
27.75	0.006651937609082335
27.825	0.0065659298226357615
27.9	0.006480897212702317
27.975	0.006396830834492101
28.05	0.00631372179365248
28.125	0.006231561246474742
28.2	0.0061503404000905456
28.275	0.006070050512658544
28.35	0.005990682893541244
28.425	0.005912228903472252
28.5	0.005834679954713931
28.575	0.005758027511205802
28.65	0.005682263088703662
28.725	0.005607378254909521
28.8	0.005533364629592634
28.875	0.005460213884701604
28.95	0.005387917744467912
29.025	0.005316467985500539
29.1	0.005245856436872387
29.175	0.005176074980198317
29.25	0.005107115549704692
29.325	0.005038970132291181
29.4	0.004971630767584301
29.475	0.004905089547983201
29.55	0.004839338618697772
29.625	0.0047743701777789695
29.7	0.004710176476141784
29.775	0.0046467498175807994
29.85	0.004584082558778433
29.925	0.004522167109306121
30.	0.004460995931618373
30.075	0.00440056154104004
30.15	0.004340856505746744
30.225	0.004281873446738538
30.3	0.004223605037807211
30.375	0.0041660440054968936
30.45	0.004109183129058571
30.525	0.004053015240398203
30.6	0.003997533224018834
30.675	0.003942730016956625
30.75	0.0038885986087110512
30.825	0.0038351320411693195
30.9	0.0037823234085250634
30.975	0.0037301658571915535
31.05	0.00367865258570935
31.125	0.003627776844648667
31.2	0.0035775319365064905
31.275	0.0035279112155985008
31.35	0.0034789080879460287
31.425	0.0034305160111579784
31.5	0.003382728494307986
31.575	0.0033355390978068336
31.65	0.003288941433270149
31.725	0.00324292916338165
31.8	0.0031974960017519516
31.875	0.0031526357127729023
31.95	0.0031083421114678354
32.025	0.003064609063337541
32.1	0.0030214304842022394
32.175	0.0029788003400395605
32.25	0.002936712646818642
32.325	0.0028951614703304723
32.4	0.0028541409260145123
32.475	0.002813645178781675
32.55	0.002773668442833919
32.625	0.0027342049814802014
32.7	0.002695249106949346
32.775	0.0026567951801994027
32.85	0.0026188376107239954
32.925	0.0025813708563555446
33.	0.0025443894230654344
33.075	0.0025078878647613384
33.15	0.002471860783081631
33.225	0.0024363028271870532
33.3	0.002401208693549745
33.375	0.002366573125739588
33.45	0.0023323909142080918
33.525	0.0022986568960698148
33.6	0.002265365954881355
33.675	0.0022325130204181192
33.75	0.0022000930684488076
33.825	0.0021681011205077704
33.9	0.002136532243665311
33.975	0.0021053815502958487
34.05	0.002074644197844348
34.125	0.002044315388590676
34.2	0.002014390369412302
34.275	0.0019848644315451545
34.35	0.001955732910342879
34.425	0.001926991185034481
34.5	0.0018986346784803801
34.575	0.0018706588569270518
34.65	0.001843059229760227
34.725	0.001815831349256738
34.8	0.0017889708103350967
34.875	0.0017624732503048063
34.95	0.0017363343486145402
35.025	0.001710549826599218
35.1	0.0016851154472259644
35.175	0.0016600270148391584
35.25	0.0016352803749044719
35.325	0.0016108714137520802
35.4	0.0015867960583189865
35.475	0.0015630502758906353
35.55	0.001539630073841725
35.625	0.001516531499376431
35.7	0.0014937506392679464
35.775	0.0014712836195974843
35.85	0.0014491266054927445
35.925	0.0014272758008659135
36.	0.001405727448151252
36.075	0.001384477828042291
36.15	0.0013635232592287038
36.225	0.0013428600981328686
36.3	0.00132248473864627
36.375	0.0013023936118655819
36.45	0.0012825831858287243
36.525	0.0012630499652507119
36.6	0.001243790491259472
36.675	0.0012248013411316858
36.75	0.0012060791280285262
36.825	0.001187620500731556
36.9	0.0011694221433786725
36.975	0.0011514807752001713
37.05	0.001133793150255
37.125	0.0011163560571672043
37.2	0.0010991663188626185
37.275	0.0010822207923058189
37.35	0.0010655163682374018
37.425	0.0010490499709115853
37.5	0.0010328185578342196
37.575	0.001016819119501158
37.65	0.0010010486791371214
37.725	0.0009855042924349967
37.8	0.0009701830472956356
37.875	0.0009550820635682286
37.95	0.0009401984927911856
38.025	0.0009255295179336458
38.1	0.0009110723531375773
38.175	0.0008968242434605585
38.25	0.000882782464619184
38.325	0.000868944322733205
38.4	0.0008553071540703879
38.475	0.0008418683247921066
38.55	0.0008286252306997199
38.625	0.0008155752969817333
38.7	0.000802715977961806
38.775	0.0007900447568475722
38.85	0.0007775591454803449
38.925	0.0007652566840856973
39.	0.0007531349410249388
39.075	0.0007411915125475643
39.15	0.0007294240225445921
39.225	0.000717830122302905
39.3	0.000706407490260564
39.375	0.0006951538317631332
39.45	0.0006840668788210202
39.525	0.0006731443898678516
39.6	0.0006623841495199086
39.675	0.0006517839683366397
39.75	0.0006413416825822519
39.825	0.0006310551539884075
39.9	0.0006209222695180328
39.975	0.0006109409411302726
40.05	0.0006011091055465778
40.125	0.0005914247240179524
40.2	0.0005818857820933809
40.275	0.000572490289389441
40.35	0.0005632362793610859
40.425	0.000554121809073685
40.5	0.000545144958976233
40.575	0.0005363038326758251
40.65	0.0005275965567133495
40.725	0.0005190212803404474
40.8	0.0005105761752977287
40.875	0.000502259435594244
40.95	0.0004940692772882613
41.025	0.0004860039382693009
41.1	0.0004780616780414846
41.175	0.0004702407775081807
41.25	0.0004625395387579588
41.325	0.00045495628485185983
41.4	0.0004474893596119904
41.475	0.00044013712741145054
41.55	0.0004328979729655902
41.625	0.00042577030112461186
41.7	0.0004187525366675145
41.775	0.00041184312409739464
41.85	0.0004050405274380935
41.925	0.0003983432300322197
42.	0.00039174973434051466
42.075	0.00038525856174260824
42.15	0.0003788682523391183
42.225	0.0003725773647551551
42.3	0.000366384475945176
42.375	0.00036028818099923085
42.45	0.0003542870929505929
42.525	0.00034837984258475496
42.6	0.0003425650782498326
42.675	0.00033684146566833933
42.75	0.00033120768775034694
42.825	0.00032566244440804525
42.9	0.00032020445237168274
42.975	0.00031483244500689583
43.05	0.0003095451721334285
43.125	0.00030434139984524173
43.2	0.0002992199103320127
43.275	0.0002941795017020156
43.35	0.000289218987806399
43.425	0.00028433719806483917
43.5	0.0002795329772925861
43.575	0.00027480518552889133
43.65	0.0002701526978668167
43.725	0.0002655744042844171
43.8	0.0002610692094773149
43.875	0.00025663603269263666
43.95	0.0002522738075643313
44.025	0.00024798148194985387
44.1	0.00024375801776822204
44.175	0.00023960239083943203
44.25	0.00023551359072524148
44.325	0.00023149062057130837
44.4	0.0002275324969506844
44.475	0.00022363824970866072
44.55	0.00021980692180895964
44.625	0.00021603756918127604
44.7	0.00021232926057014926
44.775	0.00020868107738517916
44.85	0.00020509211355256555
44.925	0.00020156147536798055
45.	0.00019808828135076015
45.075	0.00019467166209941207
45.15	0.0001913107601484396
45.225	0.00018800472982646713
45.3	0.00018475273711567665
45.375	0.00018155395951252682
45.45	0.0001784075858897837
45.525	0.00017531281635981943
45.6	0.00017226886213919974
45.675	0.00016927494541455
45.75	0.00016633029920968135
45.825	0.00016343416725398769
45.9	0.0001605858038520976
45.975	0.00015778447375477508
46.05	0.00015502945203107394
46.125	0.00015232002394171724
46.2	0.0001496554848137259
46.275	0.00014703513991626068
46.35	0.0001444583043376889
46.425	0.00014192430286386854
46.5	0.00013943246985763055
46.575	0.0001369821491394704
46.65	0.00013457269386942712
46.725	0.0001322034664301502
46.8	0.0001298738383111479
46.875	0.0001275831899942071
46.95	0.00012533091083998053
47.025	0.00012311639897573197
47.1	0.0001209390611842325
47.175	0.0001187983127938027
47.25	0.00011669357756949393
47.325	0.00011462428760539687
47.4	0.000112589883218077
47.475	0.00011058981284112094
47.55	0.000108623532920798
47.625	0.00010669050781281691
47.7	0.00010479020968018056
47.775	0.00010292211839212598
47.85	0.00010108572142414267
47.925	0.00009928051375906292
48.	0.00009750599778921827
48.075	0.00009576168321964829
48.15	0.00009404708697236341
48.225	0.00009236173309164531
48.3	0.00009070515265038453
48.375	0.00008907688365744027
48.45	0.00008747647096602493
48.525	0.00008590346618309402
48.6	0.00008435742757974255
48.675	0.00008283792000259875
48.75	0.0000813445147862022
48.825	0.00007987678966636605
48.9	0.00007843432869451059
48.975	0.00007701672215296341
49.05	0.00007562356647121601
49.125	0.00007425446414313121
49.2	0.00007290902364509352
49.275	0.0000715868593550935
49.35	0.00007028759147273975
49.425	0.00006901084594019053
49.5	0.00006775625436399724
49.575	0.0000665234539378519
49.65	0.00006531208736623343
49.725	0.0000641218027889388
49.8	0.00006295225370650062
49.875	0.00006180309890647579
49.95	0.00006067400239060082
50.025	0.00005956463330280868
50.1	0.000058474665858092076
50.175	0.000057403779272217114
50.25	0.000056351657692266774
50.325	0.00005531799012801884
50.4	0.000054302470384142284
50.475	0.000053304796993208514
50.55	0.00005232467314950979
50.625	0.00005136180664367632
50.7	0.00005041590979808603
50.775	0.000049486699403059034
50.85	0.000048573896653828176
50.925	0.00004767722708828196
51.	0.0000467964205254682
51.075	0.000045931211004854246
51.15	0.00004508133672633683
51.225	0.00004424653999099056
51.3	0.00004342656714255337
51.375	0.00004262116850963697
51.45	0.00004183009834865884
51.525	0.00004105311478748673
51.6	0.000040289979769788196
51.675	0.000039540459000081234
51.75	0.00003880432188947506
51.825	0.00003808134150209679
51.9	0.00003737129450219758
51.975	0.00003667396110192835
52.05	0.00003598912500978178
52.125	0.00003531657337969164
52.2	0.000034656096760783544
52.275	0.000034007489047770516
52.35	0.0000333705474319855
52.425	0.00003274507235304767
52.5	0.00003213086745115033
52.575	0.000031527739519969586
52.65	0.000030935498460183686
52.725	0.000030353957233598185
52.8	0.000029782931817869685
52.875	0.000029222241161822173
52.95	0.0000286717071413503
53.025	0.000028131154515901686
53.1	0.00002760041088553374
53.175	0.00002707930664853738
53.25	0.00002656767495962268
53.325	0.000026065351688659828
53.4	0.000025572175379968427
53.475	0.000025087987212151394
53.55	0.000024612630958464452
53.625	0.00002414595294771823
53.7	0.000023687802025704752
53.775	0.000023238029517144104
53.85	0.00002279648918814389
53.925	0.000022363037209167933
54.	0.00002193753211850515
54.075	0.000021519834786237232
54.15	0.000021109808378695387
54.225	0.00002070731832340247
54.3	0.000020312232274496188
54.375	0.000019924420078624597
54.45	0.000019543753741311674
54.525	0.000019170107393785607
54.6	0.0000188033572602644
54.675	0.000018443381625695752
54.75	0.00001809006080394185
54.825	0.000017743277106408318
54.9	0.00001740291481110872
54.975	0.000017068860132160727
55.05	0.000016741001189709597
55.125	0.000016419227980272227
55.2	0.00001610343234749811
55.275	0.000015793507953341813
55.35	0.000015489350249641207
55.425	0.000015190856450098502
55.5	0.000014897925502656653
55.575	0.000014610458062268797
55.65	0.000014328356464054196
55.725	0.000014051524696836806
55.8	0.000013779868377061718
55.875	0.000013513294723084212
55.95	0.000013251712529828013
56.025	0.000012995032143806968
56.1	0.0000127431654385062
56.175	0.00001249602579011859
56.25	0.000012253528053631226
56.325	0.000012015588539258604
56.4	0.000011782124989217162
56.475	0.000011553056554837512
56.55	0.000011328303774010006
56.625	0.000011107788548959178
56.7	0.000010891434124342877
56.775	0.000010679165065672692
56.85	0.00001047090723805035
56.925	0.00001026658778521703
57.	0.00001006613510891108
57.075	9.869478848530431e-6
57.15	9.676549861095729e-6
57.225	9.487280201509709e-6
57.3	9.301603103110348e-6
57.375	9.1194529585122e-6
57.45	8.94076530073365e-6
57.525	8.765476784605552e-6
57.6	8.593525168457603e-6
57.675	8.424849296079333e-6
57.75	8.259389078951135e-6
57.825	8.097085478743064e-6
57.9	7.937880490076213e-6
57.975	7.781717123544999e-6
58.05	7.628539388995374e-6
58.125	7.478292279056112e-6
58.2	7.3309217529203925e-6
58.275	7.1863747203728115e-6
58.35	7.044599026060325e-6
58.425	6.905543434002271e-6
58.5	6.769157612337278e-6
58.575	6.635392118303271e-6
58.65	6.504198383447729e-6
58.725	6.375528699064775e-6
58.8	6.249336201856213e-6
58.875	6.125574859813513e-6
58.95	6.004199458317369e-6
59.025	5.885165586452042e-6
59.1	5.768429623531719e-6
59.175	5.653948725835614e-6
59.25	5.541680813548954e-6
59.325	5.431584557907403e-6
59.4	5.323619368541486e-6
59.475	5.217745381018574e-6
59.55	5.113923444579836e-6
59.625	5.012115110068817e-6
59.7	4.912282618049701e-6
59.775	4.8143888871119e-6
59.85	4.7183975023588794e-6
59.925	4.62427270407824e-6
60.	4.531979376590661e-6
60.075	4.4414830372752086e-6
60.15	4.352749825768288e-6
60.225	4.265746493333957e-6
60.3	4.180440392403113e-6
60.375	4.096799466278974e-6
60.45	4.014792239006769e-6
60.525	3.9343878054048924e-6
60.6	3.855555821255592e-6
60.675	3.7782664936524917e-6
60.75	3.702490571503004e-6
60.825	3.628199336183174e-6
60.9	3.555364592342842e-6
60.975	3.483958658858853e-6
61.05	3.4139543599343e-6
61.125	3.3453250163413256e-6
61.2	3.278044436805908e-6
61.275	3.2120869095320218e-6
61.35	3.1474271938633574e-6
61.425	3.0840405120806757e-6
61.5	3.0219025413325024e-6
61.575	2.960989405697497e-6
61.65	2.901277668376232e-6
61.725	2.842744324010724e-6
61.8	2.7853667911297506e-6
61.875	2.7291229047178e-6
61.95	2.6739909089062814e-6
62.025	2.6199494497847436e-6
62.1	2.5669775683305323e-6
62.175	2.5150546934550063e-6
62.25	2.4641606351645523e-6
62.325	2.4142755778347774e-6
62.4	2.365380073595959e-6
62.475	2.317455035828271e-6
62.55	2.2704817327649986e-6
62.625	2.224441781202103e-6
62.7	2.179317140312562e-6
62.775	2.1350901055638996e-6
62.85	2.091743302737115e-6
62.925	2.049259682045908e-6
63.	2.0076225123540818e-6
63.075	1.966815375490087e-6
63.15	1.926822160656971e-6
63.225	1.8876270589362819e-6
63.3	1.8492145578845641e-6
63.375	1.811569436220879e-6
63.45	1.774676758604065e-6
63.525	1.7385218704982314e-6
63.6	1.7030903931251934e-6
63.675	1.668368218502421e-6
63.75	1.6343415045652312e-6
63.825	1.6009966703718434e-6
63.9	1.5683203913900392e-6
63.975	1.5362995948640825e-6
64.05	1.5049214552607667e-6
64.125	1.474173389793141e-6
64.2	1.444043054020896e-6
64.275	1.4145183375260237e-6
64.35	1.385587359662688e-6
64.425	1.35723846538e-6
64.5	1.329460221116685e-6
64.575	1.3022414107663673e-6
64.65	1.2755710317123794e-6
64.725	1.2494382909310692e-6
64.8	1.2238326011623193e-6
64.875	1.1987435771464694e-6
64.95	1.1741610319262681e-6
65.025	1.1500749732130626e-6
65.1	1.1264755998160381e-6
65.175	1.1033532981335662e-6
65.25	1.080698638705599e-6
65.325	1.05850237282619e-6
65.4	1.0367554292150773e-6
65.475	1.0154489107474526e-6
65.55	9.945740912409117e-7
65.625	9.741224122987116e-7
65.7	9.540854802083004e-7
65.775	9.344550628943978e-7
65.85	9.152230869255359e-7
65.925	8.963816345733174e-7
66.	8.779229409234911e-7
66.075	8.598393910379573e-7
66.15	8.421235171669015e-7
66.225	8.247679960102119e-7
66.3	8.077656460273783e-7
66.375	7.911094247950461e-7
66.45	7.747924264114764e-7
66.525	7.588078789470758e-7
66.6	7.43149141940275e-7
66.675	7.27809703937992e-7
66.75	7.12783180079927e-7
66.825	6.980633097259554e-7
66.9	6.836439541258933e-7
66.975	6.695190941309675e-7
67.05	6.556828279462117e-7
67.125	6.421293689231962e-7
67.2	6.288530433923048e-7
67.275	6.15848288534024e-7
67.35	6.031096502884278e-7
67.425	5.906317813023634e-7
67.5	5.78409438913612e-7
67.575	5.664374831714086e-7
67.65	5.547108748927174e-7
67.725	5.432246737536741e-7
67.8	5.319740364155472e-7
67.875	5.20954214684662e-7
67.95	5.10160553705727e-7
68.025	4.995884901879328e-7
68.1	4.89233550663324e-7
68.175	4.790913497768434e-7
68.25	4.691575886075572e-7
68.325	4.594280530204533e-7
68.4	4.4989861204836004e-7
68.475	4.405652163034274e-7
68.55	4.3142389641765096e-7
68.625	4.2247076151197033e-7
68.7	4.137019976934317e-7
68.775	4.05113866579905e-7
68.85	3.9670270385193384e-7
68.925	3.884649178311806e-7
69.	3.803969880850566e-7
69.075	3.7249546405705714e-7
69.15	3.647569637223524e-7
69.225	3.571781722682118e-7
69.3	3.4975584079878566e-7
69.375	3.424867850638916e-7
69.45	3.3536788421129466e-7
69.525	3.2839607956214333e-7
69.6	3.2156837340911783e-7
69.675	3.1488182783688876e-7
69.75	3.083335635645268e-7
69.825	3.019207588094252e-7
69.9	2.9564064817240687e-7
69.975	2.894905215435979e-7
70.05	2.8346772302873595e-7
70.125	2.7756964989552756e-7
70.2	2.7179375153970454e-7
70.275	2.6613752847043533e-7
70.35	2.605985313147427e-7
70.425	2.5517435984058153e-7
70.5	2.498626619982697e-7
70.575	2.44661132979906e-7
70.65	2.395675142964875e-7
70.725	2.3457959287239844e-7
70.8	2.296952001569417e-7
70.875	2.2491221125264242e-7
70.95	2.2022854405999372e-7
71.025	2.1564215843835632e-7
71.1	2.111510553827296e-7
71.175	2.0675327621609297e-7
71.25	2.0244690179706266e-7
71.325	1.98230051742552e-7
71.4	1.9410088366518818e-7
71.475	1.900575924252236e-7
71.55	1.8609840939664401e-7
71.625	1.822216017472705e-7
71.7	1.7842547173254308e-7
71.775	1.7470835600278142e-7
71.85	1.7106862492365496e-7
71.925	1.6750468190962447e-7
72.	1.6401496277012733e-7
72.075	1.6059793506826445e-7
72.15	1.5725209749176223e-7
72.225	1.5397597923598923e-7
72.3	1.507681393988002e-7
72.375	1.4762716638699675e-7
72.45	1.4455167733418663e-7
72.525	1.4154031752983496e-7
72.6	1.3859175985930153e-7
72.675	1.3570470425465224e-7
72.75	1.3287787715607197e-7
72.825	1.3011003098364482e-7
72.9	1.2739994361934628e-7
72.975	1.2474641789903696e-7
73.05	1.2214828111427552e-7
73.125	1.196043845237801e-7
73.2	1.1711360287434442e-7
73.275	1.1467483393104033e-7
73.35	1.1228699801653869e-7
73.425	1.0994903755936187e-7
73.5	1.076599166509275e-7
73.575	1.054186206111956e-7
73.65	1.032241555627666e-7
73.725	1.010755480132821e-7
73.8	9.897184444595395e-8
73.875	9.691211091809077e-8
73.95	9.489543266745062e-8
74.025	9.292091372629173e-8
74.1	9.098767654296255e-8
74.175	8.909486161089908e-8
74.25	8.724162710488453e-8
74.325	8.542714852443666e-8
74.4	8.365061834418816e-8
74.475	8.19112456711261e-8
74.55	8.020825590856392e-8
74.625	7.85408904267203e-8
74.7	7.690840623977015e-8
74.775	7.531007568925622e-8
74.85	7.374518613373801e-8
74.925	7.22130396445516e-8
75.	7.071295270757784e-8
75.075	6.924425593089023e-8
75.15	6.780629375818438e-8
75.225	6.639842418786743e-8
75.3	6.502001849770446e-8
75.375	6.367046097491868e-8
75.45	6.234914865163598e-8
75.525	6.105549104557237e-8
75.6	5.978890994271302e-8
75.675	5.8548839740676865e-8
75.75	5.733472703875306e-8
75.825	5.6146029840404125e-8
75.9	5.498221730717736e-8
75.975	5.384276953523378e-8
76.05	5.272717733615135e-8
76.125	5.163494202193261e-8
76.2	5.0565575194136316e-8
76.275	4.951859853706282e-8
76.35	4.849354361491977e-8
76.425	4.7489951672895233e-8
76.5	4.6507373442071164e-8
76.575	4.554536894810443e-8
76.65	4.4603507323609485e-8
76.725	4.3681366624176e-8
76.8	4.277853364795282e-8
76.875	4.189460375873894e-8
76.95	4.102918071251006e-8
77.025	4.018187648732503e-8
77.1	3.9352311116547204e-8
77.175	3.8540112525319414e-8
77.25	3.7744916370235115e-8
77.325	3.696636588214496e-8
77.4	3.620411171204256e-8
77.475	3.5457811779972086e-8
77.55	3.472713112690044e-8
77.625	3.401174176950325e-8
77.7	3.3311322557805543e-8
77.775	3.262555903562768e-8
77.85	3.1954143303783257e-8
77.925	3.1296773885976494e-8
78.	3.0653155597352274e-8
78.075	3.0022999415644176e-8
78.15	2.9406022354876668e-8
78.225	2.8801947341569935e-8
78.3	2.821050309340226e-8
78.375	2.763142400028455e-8
78.45	2.706445000779766e-8
78.525	2.650932650295296e-8
78.6	2.5965804202228143e-8
78.675	2.5433639041837404e-8
78.75	2.4912592070193285e-8
78.825	2.4402429342517555e-8
78.9	2.39029218175615e-8
78.975	2.341384525639428e-8
79.05	2.2934980123221198e-8
79.125	2.2466111488191783e-8
79.2	2.200702893216058e-8
79.275	2.1557526453362223e-8
79.35	2.1117402375965578e-8
79.425	2.0686459260468555e-8
79.5	2.026450381590121e-8
79.575	1.9851346813798893e-8
79.65	1.9446803003914356e-8
79.725	1.905069103163246e-8
79.8	1.8662833357056895e-8
79.875	1.8283056175735292e-8
79.95	1.7911189340990763e-8
80.025	1.7547066287829018e-8
80.1	1.719052395839112e-8
80.175	1.684140272891979e-8
80.25	1.6499546338211964e-8
80.325	1.6164801817527503e-8
80.4	1.5837019421924843e-8
80.475	1.5516052562997728e-8
80.55	1.5201757742982627e-8
80.625	1.4893994490213255e-8
80.7	1.4592625295892944e-8
80.775	1.4297515552160484e-8
80.85	1.4008533491423002e-8
80.925	1.3725550126932111e-8
81.	1.3448439194577277e-8
81.075	1.3177077095873883e-8
81.15	1.2911342842120656e-8
81.225	1.2651117999704703e-8
81.3	1.2396286636531071e-8
81.375	1.2146735269553624e-8
81.45	1.1902352813386733e-8
81.525	1.16630305299748e-8
81.6	1.1428661979300104e-8
81.675	1.119914297110631e-8
81.75	1.0974371517619733e-8
81.825	1.075424778724619e-8
81.9	1.0538674059225271e-8
81.975	1.0327554679222547e-8
82.05	1.0120796015840207e-8
82.125	9.918306418029108e-9
82.2	9.719996173383034e-9
82.275	9.525777467296973e-9
82.35	9.335564342974071e-9
82.425	9.149272662261525e-9
82.5	8.966820067300896e-9
82.575	8.788125942974937e-9
82.65	8.613111380135777e-9
82.725	8.44169913959795e-9
82.8	8.273813616881349e-9
82.875	8.1093808076885e-9
82.95	7.948328274101438e-9
83.025	7.790585111483605e-9
83.1	7.636081916072497e-9
83.175	7.484750753248483e-9
83.25	7.336525126466911e-9
83.325	7.191339946839366e-9
83.4	7.04913150335089e-9
83.475	6.9098374337004075e-9
83.55	6.773396695751367e-9
83.625	6.63974953958058e-9
83.7	6.50883748011229e-9
83.775	6.380603270326257e-9
83.85	6.254990875027486e-9
83.925	6.131945445166302e-9
84.	6.011413292697919e-9
84.075	5.8933418659693975e-9
84.15	5.777679725624236e-9
84.225	5.6643765210132376e-9
84.3	5.553382967101292e-9
84.375	5.444650821860519e-9
84.45	5.338132864138735e-9
84.525	5.2337828719941164e-9
84.6	5.131555601486282e-9
84.675	5.031406765914358e-9
84.75	4.933293015492632e-9
84.825	4.8371719174548914e-9
84.9	4.7430019365787394e-9
84.975	4.650742416120644e-9
85.05	4.560353559153748e-9
85.125	4.471796410299953e-9
85.2	4.385032837847802e-9
85.275	4.300025516248553e-9
85.35	4.216737908982161e-9
85.425	4.135134251785876e-9
85.5	4.055179536237721e-9
85.575	3.976839493687379e-9
85.65	3.9000805795273165e-9
85.725	3.824869957797163e-9
85.8	3.751175486114086e-9
85.875	3.678965700922924e-9
85.95	3.6082098030585845e-9
86.025	3.5388776436149847e-9
86.1	3.4709397101135055e-9
86.175	3.4043671129650323e-9
86.25	3.3391315722195014e-9
86.325	3.275205404596455e-9
86.4	3.2125615107913143e-9
86.475	3.151173363051118e-9
86.55	3.0910149930143737e-9
86.625	3.0320609798092925e-9
86.7	2.974286438405012e-9
86.775	2.917667008210651e-9
86.85	2.8621788419166692e-9
86.925	2.807798594573755e-9
87.	2.754503412904097e-9
87.075	2.7022709248400132e-9
87.15	2.6510792292855016e-9
87.225	2.6009068860955585e-9
87.3	2.5517329062691116e-9
87.375	2.503536742350703e-9
87.45	2.4562982790367888e-9
87.525	2.4099978239820842e-9
87.6	2.364616098801986e-9
87.675	2.3201342302667318e-9
87.75	2.276533741683259e-9
87.825	2.233796544460948e-9
87.9	2.191904929857174e-9
87.975	2.150841560898924e-9
88.05	2.110589464476831e-9
88.125	2.0711320236078375e-9
88.2	2.032452969863006e-9
88.275	1.9945363759569364e-9
88.35	1.9573666484953643e-9
88.425	1.92092852087759e-9
88.5	1.885207046350486e-9
88.575	1.8501875912107594e-9
88.65	1.8158558281524625e-9
88.725	1.7821977297565247e-9
88.8	1.7491995621193724e-9
88.875	1.7168478786177078e-9
88.95	1.6851295138064261e-9
89.025	1.6540315774469037e-9
89.1	1.6235414486630284e-9
89.175	1.5936467702218805e-9
89.25	1.5643354429368766e-9
89.325	1.5355956201903747e-9
89.4	1.5074157025734263e-9
89.475	1.4797843326400473e-9
89.55	1.452690389773662e-9
89.625	1.4261229851633194e-9
89.7	1.4000714568871897e-9
89.775	1.3745253651012983e-9
89.85	1.3494744873310604e-9
89.925	1.324908813863413e-9
90.	1.300818543237638e-9
90.075	1.2771940778323992e-9
90.15	1.2540260195472895e-9
90.225	1.2313051655765898e-9
90.3	1.2090225042734512e-9
90.375	1.1871692111025025e-9
90.45	1.1657366446789925e-9
90.525	1.1447163428925652e-9
90.6	1.1241000191139954e-9
90.675	1.1038795584829262e-9
90.75	1.084047014275063e-9
90.825	1.0645946043469598e-9
90.9	1.0455147076568498e-9
90.975	1.0267998608598174e-9
91.05	1.008442754975754e-9
91.125	9.904362321285803e-10
91.2	9.72773282355081e-10
91.275	9.554470404820284e-10
91.35	9.384507830699654e-10
91.425	9.217779254223483e-10
91.5	9.054220186585923e-10
91.575	8.893767468496096e-10
91.65	8.73635924214619e-10
91.725	8.581934923777709e-10
91.8	8.430435176833942e-10
91.875	8.281801885686079e-10
91.95	8.135978129920055e-10
92.025	7.992908159172869e-10
92.1	7.852537368505705e-10
92.175	7.714812274303331e-10
92.25	7.579680490687599e-10
92.325	7.44709070643453e-10
92.4	7.316992662383967e-10
92.475	7.189337129331423e-10
92.55	7.064075886391238e-10
92.625	6.941161699821848e-10
92.7	6.820548302302278e-10
92.775	6.702190372650792e-10
92.85	6.586043515975965e-10
92.925	6.472064244250659e-10
93.	6.360209957300889e-10
93.075	6.250438924198794e-10
93.15	6.142710265053078e-10
93.225	6.036983933186671e-10
93.3	5.933220697694525e-10
93.375	5.831382126372707e-10
93.45	5.731430569011004e-10
93.525	5.633329141041264e-10
93.6	5.537041707533744e-10
93.675	5.442532867533984e-10
93.75	5.349767938733267e-10
93.825	5.258712942464677e-10
93.9	5.169334589018707e-10
93.975	5.08160026327086e-10
94.05	4.995478010614857e-10
94.125	4.910936523194872e-10
94.2	4.827945126430304e-10
94.275	4.746473765826729e-10
94.35	4.666492994067145e-10
94.425	4.587973958377087e-10
94.5	4.510888388158295e-10
94.575	4.4352085828845897e-10
94.65	4.3609074002545967e-10
94.725	4.2879582445959807e-10
94.8	4.216335055515301e-10
94.875	4.1460122967888005e-10
94.95	4.07696494548848e-10
95.025	4.0091684813387307e-10
95.1	3.9425988762982693e-10
95.175	3.8772325843628487e-10
95.25	3.8130465315839127e-10
95.325	3.750018106298362e-10
95.4	3.688125149565126e-10
95.475	3.6273459458042364e-10
95.55	3.56765921363347e-10
95.625	3.5090440968990653e-10
95.7	3.4514801558958326e-10
95.775	3.3949473587728846e-10
95.85	3.339426073120717e-10
95.925	3.2848970577361126e-10
96.	3.2313414545607054e-10
96.075	3.1787407807898773e-10
96.15	3.127076921147793e-10
96.225	3.076332120325688e-10
96.3	3.0264889755792377e-10
96.375	2.977530429482145e-10
96.45	2.9294397628322374e-10
96.525	2.8822005877071306e-10
96.6	2.835796840665777e-10
96.675	2.790212776093413e-10
96.75	2.745432959686219e-10
96.825	2.7014422620732394e-10
96.9	2.6582258525720835e-10
96.975	2.6157691930761257e-10
97.05	2.5740580320698595e-10
97.125	2.533078398770106e-10
97.2	2.4928165973900833e-10
97.275	2.4532592015237865e-10
97.35	2.414393048648219e-10
97.425	2.376205234740869e-10
97.5	2.3386831090099806e-10
97.575	2.3018142687351326e-10
97.65	2.2655865542159865e-10
97.725	2.22998804382665e-10
97.8	2.1950070491735156e-10
97.875	2.1606321103544756e-10
97.95	2.1268519913171126e-10
98.025	2.0936556753139587e-10
98.1	2.06103236045262e-10
98.175	2.0289714553388795e-10
98.25	1.9974625748106287e-10
98.325	1.96649553576094e-10
98.4	1.9360603530480056e-10
98.475	1.9061472354905302e-10
98.55	1.8767465819464462e-10
98.625	1.8478489774732652e-10
98.7	1.8194451895684335e-10
98.775	1.7915261644877685e-10
98.85	1.764083023640596e-10
98.925	1.7371070600596735e-10
99.	1.7105897349445894e-10
99.075	1.684522674276794e-10
99.15	1.6588976655050047e-10
99.225	1.6337066542993464e-10
99.3	1.608941741372701e-10
99.375	1.584595179368067e-10
99.45	1.5606593698103521e-10
99.525	1.537126860121218e-10
99.6	1.5139903406957909e-10
99.675	1.4912426420397892e-10
99.75	1.4688767319658365e-10
99.825	1.4468857128477427e-10
99.9	1.425262818931475e-10
99.975	1.4040014137016007e-10
100.05	1.3830949873021425e-10
100.125	1.3625371540105283e-10
100.2	1.342321649763732e-10
100.275	1.3224423297352002e-10
100.35	1.302893165961861e-10
100.425	1.283668245019763e-10
100.5	1.264761765747737e-10
100.575	1.2461680370176628e-10
100.65	1.227881475550653e-10
100.725	1.209896603778031e-10
100.8	1.1922080477462463e-10
100.875	1.1748105350647302e-10
100.95	1.1576988928958416e-10
101.025	1.1408680459859575e-10
101.1	1.1243130147369766e-10
101.175	1.1080289133171538e-10
101.25	1.0920109478107015e-10
101.325	1.0762544144051318e-10
101.4	1.0607546976156961e-10
101.475	1.0455072685460414e-10
101.55	1.0305076831843558e-10
101.625	1.0157515807343174e-10
101.7	1.0012346819799933e-10
101.775	9.869527876841197e-11
101.85	9.729017770189388e-11
101.925	9.590776060289939e-11
102.	9.454763061251638e-11
102.075	9.320939826093333e-11
102.15	9.18926813229017e-11
102.225	9.059710467612993e-11
102.3	8.932230016255317e-11
102.375	8.806790645241535e-11
102.45	8.683356891110325e-11
102.525	8.56189394686811e-11
102.6	8.442367649206081e-11
102.675	8.324744465975868e-11
102.75	8.208991483918812e-11
102.825	8.095076396642296e-11
102.9	7.98296749283967e-11
102.975	7.872633644747054e-11
103.05	7.764044296833235e-11
103.125	7.657169454717602e-11
103.2	7.551979674310944e-11
103.275	7.448446051174723e-11
103.35	7.346540210094615e-11
103.425	7.246234294863263e-11
103.5	7.147500958268584e-11
103.575	7.050313284849211e-11
103.65	6.954644414983259e-11
103.725	6.860467822325052e-11
103.8	6.767757486814156e-11
103.875	6.676487884737568e-11
103.95	6.586633978514536e-11
104.025	6.498171206705666e-11
104.1	6.411075474241486e-11
104.175	6.325323142865041e-11
104.25	6.240891021784347e-11
104.325	6.157756358528312e-11
104.4	6.075896830003219e-11
104.475	5.995290533743632e-11
104.55	5.915915979353918e-11
104.625	5.837752080136353e-11
104.7	5.760778144900466e-11
104.775	5.684973869950436e-11
104.85	5.610319331245879e-11
104.925	5.536794976732178e-11
105.	5.46438161883665e-11
105.075	5.393060427126603e-11
105.15	5.3228129211253384e-11
105.225	5.253620963282972e-11
105.3	5.185466752098263e-11
105.375	5.118332815387928e-11
105.45	5.052202003700276e-11
105.525	4.987057483869767e-11
105.6	4.9228827327094145e-11
105.675	4.859661530837659e-11
105.75	4.79737795663697e-11
105.825	4.736016380340953e-11
105.9	4.675561458247322e-11
105.975	4.615998127053429e-11
106.05	4.557311598312155e-11
106.125	4.49948735300517e-11
106.2	4.442511136230717e-11
106.275	4.3863689520038765e-11
106.35	4.3310470581662864e-11
106.425	4.276531961402973e-11
106.5	4.222810412364357e-11
106.575	4.1698694008903466e-11
106.65	4.117696151334735e-11
106.725	4.066278117987611e-11
106.8	4.0156029805933705e-11
106.875	3.965658639962603e-11
106.95	3.916433213675209e-11
107.025	3.86791503187339e-11
107.1	3.820092633141901e-11
107.175	3.772954760473976e-11
107.25	3.726490357321131e-11
107.325	3.680688563724666e-11
107.4	3.6355387125271376e-11
107.475	3.591030325662497e-11
107.55	3.547153110522327e-11
107.625	3.5038969563974606e-11
107.7	3.461251930992409e-11
107.775	3.4192082770118276e-11
107.85	3.377756408816785e-11
107.925	3.336886909149722e-11
108.	3.2965905259264284e-11
108.075	3.256858169093676e-11
108.15	3.2176809075509504e-11
108.225	3.1790499661349755e-11
108.3	3.140956722665682e-11
108.375	3.103392705052185e-11
108.45	3.066349588457665e-11
108.525	3.029819192521659e-11
108.6	2.9937934786386836e-11
108.675	2.958264547291761e-11
108.75	2.9232246354400974e-11
108.825	2.8886661139591958e-11
108.9	2.8545814851326853e-11
108.975	2.8209633801946147e-11
109.05	2.787804556921053e-11
109.125	2.7550978972701483e-11
109.2	2.7228364050693927e-11
109.275	2.6910132037491657e-11
109.35	2.6596215341216814e-11
109.425	2.6286547522040978e-11
109.5	2.5981063270852343e-11
109.575	2.5679698388346065e-11
109.65	2.5382389764530373e-11
109.725	2.5089075358640747e-11
109.8	2.4799694179450768e-11
109.875	2.4514186265974172e-11
109.95	2.4232492668547353e-11
110.025	2.3954555430287326e-11
110.1	2.3680317568912748e-11
110.175	2.3409723058925053e-11
110.25	2.3142716814139724e-11
110.325	2.287924467055965e-11
110.4	2.2619253369585975e-11
110.475	2.2362690541556494e-11
110.55	2.2109504689606973e-11
110.625	2.185964517384732e-11
110.7	2.1613062195847366e-11
110.775	2.1369706783423338e-11
110.85	2.1129530775722287e-11
110.925	2.0892486808594813e-11
111.	2.0658528300252904e-11
111.075	2.0427609437204613e-11
111.15	2.019968516046214e-11
111.225	1.9974711152015533e-11
111.3	1.9752643821568286e-11
111.375	1.953344029352778e-11
111.45	1.9317058394247717e-11
111.525	1.910345663951361e-11
111.6	1.8892594222271053e-11
111.675	1.868443100058727e-11
111.75	1.847892748584406e-11
111.825	1.8276044831157524e-11
111.9	1.8075744820016475e-11
111.975	1.7877989855140454e-11
112.05	1.7682742947547648e-11
112.125	1.7489967705832412e-11
112.2	1.7299628325645284e-11
112.275	1.711168957937351e-11
112.35	1.6926116806016373e-11
112.425	1.6742875901253005e-11
112.5	1.6561933307696334e-11
112.575	1.638325600533322e-11
112.65	1.6206811502142455e-11
112.725	1.6032567824890893e-11
112.8	1.586049351010183e-11
112.875	1.5690557595193333e-11
112.95	1.552272960978253e-11
113.025	1.5356979567152277e-11
113.1	1.519327795587855e-11
113.175	1.5031595731612373e-11
113.25	1.487190430901706e-11
113.325	1.4714175553853713e-11
113.4	1.455838177521519e-11
113.475	1.4404495717903779e-11
113.55	1.4252490554950027e-11
113.625	1.4102339880270948e-11
113.7	1.3954017701463176e-11
113.775	1.3807498432729542e-11
113.85	1.3662756887936637e-11
113.925	1.3519768273799262e-11
114.	1.3378508183191567e-11
114.075	1.3238952588579989e-11
114.15	1.3101077835577106e-11
114.225	1.2964860636613997e-11
114.3	1.2830278064727739e-11
114.375	1.2697307547463049e-11
114.45	1.2565926860884851e-11
114.525	1.2436114123700203e-11
114.6	1.2307847791487178e-11
114.675	1.2181106651028598e-11
114.75	1.2055869814748771e-11
114.825	1.1932116715251176e-11
114.9	1.1809827099954773e-11
114.975	1.16889810258274e-11
115.05	1.1569558854214786e-11
115.125	1.1451541245761988e-11
115.2	1.1334909155426935e-11
115.275	1.121964382758375e-11
115.35	1.1105726791213223e-11
115.425	1.0993139855180649e-11
115.5	1.0881865103597536e-11
115.575	1.0771884891266586e-11
115.65	1.0663181839207996e-11
115.725	1.0555738830265846e-11
115.8	1.0449539004792341e-11
115.875	1.0344565756409138e-11
115.95	1.0240802727844355e-11
116.025	1.0138233806842664e-11
116.1	1.0036843122148788e-11
116.175	9.936615039561358e-12
116.25	9.83753415805718e-12
116.325	9.739585305983525e-12
116.4	9.64275353731777e-12
116.475	9.547024127992687e-12
116.55	9.452382572286749e-12
116.625	9.358814579277558e-12
116.7	9.266306069357564e-12
116.775	9.174843170810837e-12
116.85	9.084412216449687e-12
116.925	8.994999740310285e-12
117.	8.906592474405493e-12
117.075	8.819177345534858e-12
117.15	8.732741472149663e-12
117.225	8.647272161272663e-12
117.3	8.562756905471301e-12
117.375	8.4791833798835e-12
117.45	8.396539439294699e-12
117.525	8.314813115265447e-12
117.6	8.233992613309051e-12
117.675	8.154066310117327e-12
117.75	8.07502275083439e-12
117.825	7.996850646377551e-12
117.9	7.919538870803692e-12
117.975	7.843076458721414e-12
118.05	7.767452602747092e-12
118.125	7.692656651004763e-12
118.2	7.618678104668542e-12
118.275	7.545506615547124e-12
118.35	7.473131983709338e-12
118.425	7.401544155150092e-12
118.5	7.330733219496248e-12
118.575	7.260689407751256e-12
118.65	7.1914030900779035e-12
118.725	7.122864773618994e-12
118.8	7.0550651003544555e-12
118.875	6.987994844995125e-12
118.95	6.921644912911367e-12
119.025	6.856006338097604e-12
119.1	6.791070281169882e-12
119.175	6.7268280273982115e-12
119.25	6.663270984771153e-12
119.325	6.6003906820932405e-12
119.4	6.538178767114161e-12
119.475	6.476627004689061e-12
119.55	6.415727274969831e-12
119.625	6.3554715716263256e-12
119.7	6.295852000097302e-12
119.775	6.2368607758705856e-12
119.85	6.178490222791518e-12
119.925	6.1207327713995674e-12
120.	6.063580957292814e-12
120.075	6.007027419518946e-12
120.15	5.9510648989933506e-12
120.225	5.8956862369429215e-12
120.3	5.840884373375926e-12
120.375	5.7866523455766015e-12
120.45	5.7329832866249386e-12
120.525	5.679870423940519e-12
120.6	5.627307077850252e-12
120.675	5.575286660179716e-12
120.75	5.523802672867334e-12
120.825	5.47284870660146e-12
120.9	5.422418439479493e-12
120.975	5.372505635688861e-12
121.05	5.323104144209561e-12
121.125	5.274207897537883e-12
121.2	5.22581091043053e-12
121.275	5.1779072786695765e-12
121.35	5.130491177846853e-12
121.425	5.083556862168675e-12
121.5	5.0370986632791206e-12
121.575	4.9911109891031365e-12
121.65	4.945588322707555e-12
121.725	4.9005252211807544e-12
121.8	4.8559163145305354e-12
121.875	4.8117563045993245e-12
121.95	4.7680399639968834e-12
122.025	4.724762135050352e-12
122.1	4.681917728770823e-12
122.175	4.6395017238364125e-12
122.25	4.5975091655918e-12
122.325	4.55593516506359e-12
122.4	4.514774897991198e-12
122.475	4.4740236038734215e-12
122.55	4.433676585029977e-12
122.625	4.39372920567793e-12
122.7	4.354176891022925e-12
122.775	4.315015126364508e-12
122.85	4.276239456215882e-12
122.925	4.237845483437329e-12
123.	4.199828868383477e-12
123.075	4.162185328063907e-12
123.15	4.1249106353169476e-12
123.225	4.0880006179965226e-12
123.3	4.051451158171602e-12
123.375	4.015258191338492e-12
123.45	3.979417705645217e-12
123.525	3.943925741127984e-12
123.6	3.908778388959831e-12
123.675	3.8739717907108156e-12
123.75	3.839502137619726e-12
123.825	3.805365669877191e-12
123.9	3.771558675919955e-12
123.975	3.7380774917360076e-12
124.05	3.7049185001806225e-12
124.125	3.6720781303028444e-12
124.2	3.639552856682558e-12
124.275	3.6073391987776954e-12
124.35	3.57543372028154e-12
124.425	3.543833028489933e-12
124.5	3.5125337736782986e-12
124.575	3.4815326484881674e-12
124.65	3.4508263873231716e-12
124.725	3.4204117657543654e-12
124.8	3.39028559993444e-12
124.875	3.360444746021213e-12
124.95	3.330886099609772e-12
125.025	3.3016065951733096e-12
125.1	3.2726032055124946e-12
125.175	3.2438729412131973e-12
125.25	3.215412850112652e-12
125.325	3.1872200167734863e-12
125.4	3.1592915619659382e-12
125.475	3.131624642157869e-12
125.55	3.1042164490124375e-12
125.625	3.0770642088935125e-12
125.7	3.0501651823784686e-12
125.775	3.0235166637783593e-12
125.85	2.997115980665443e-12
125.925	2.970960493407582e-12
126.	2.9450475947099777e-12
126.075	2.9193747091635357e-12
126.15	2.8939392928001146e-12
126.225	2.8687388326544865e-12
126.3	2.843770846332874e-12
126.375	2.8190328815877916e-12
126.45	2.7945225158994707e-12
126.525	2.7702373560633936e-12
126.6	2.7461750377840193e-12
126.675	2.7223332252745666e-12
126.75	2.6987096108628425e-12
126.825	2.6753019146027565e-12
126.9	2.6521078838918023e-12
126.975	2.629125293094056e-12
127.05	2.60635194316893e-12
127.125	2.5837856613052315e-12
127.2	2.561424300560883e-12
127.275	2.5392657395076577e-12
127.35	2.5173078818815117e-12
127.425	2.4955486562377696e-12
127.5	2.4739860156115588e-12
127.575	2.452617937183253e-12
127.65	2.4314424219487256e-12
127.725	2.410457494394481e-12
127.8	2.389661202177659e-12
127.875	2.3690516158105953e-12
127.95	2.3486268283500634e-12
128.025	2.328384955091059e-12
128.1	2.308324133265024e-12
128.175	2.2884425217425164e-12
128.25	2.2687383007402104e-12
128.325	2.2492096715321233e-12
128.4	2.229854856165061e-12
128.475	2.2106720971782683e-12
128.55	2.191659657327007e-12
128.625	2.1728158193102644e-12
128.7	2.154138885502314e-12
128.775	2.1356271776882932e-12
128.85	2.1172790368034342e-12
128.925	2.0990928226761032e-12
129.	2.081066913774724e-12
129.075	2.0631997069580585e-12
129.15	2.0454896172292446e-12
129.225	2.0279350774934293e-12
129.3	2.0105345383186775e-12
129.375	1.9932864677005106e-12
129.45	1.976189350829664e-12
129.525	1.959241689863288e-12
129.6	1.9424420036993374e-12
129.675	1.925788827754177e-12
129.75	1.9092807137434347e-12
129.825	1.8929162294658833e-12
129.9	1.8766939585904153e-12
129.975	1.8606125004461362e-12
130.05	1.844670469815251e-12
130.125	1.828866496729094e-12
130.2	1.8131992262668844e-12
130.275	1.7976673183573738e-12
130.35	1.7822694475833372e-12
130.425	1.7670043029887668e-12
130.5	1.7518705878888072e-12
130.575	1.7368670196823268e-12
130.65	1.7219923296671529e-12
130.725	1.7072452628579221e-12
130.8	1.6926245778064064e-12
130.875	1.678129046424411e-12
130.95	1.6637574538091361e-12
131.025	1.6495085980709275e-12
131.1	1.635381290163531e-12
131.175	1.6213743537165739e-12
131.25	1.6074866248704597e-12
131.325	1.5937169521135584e-12
131.4	1.5800641961215751e-12
131.475	1.566527229656004e-12
131.55	1.553104990554748e-12
131.625	1.5397965774944278e-12
131.7	1.5266011207345602e-12
131.775	1.5135177547148803e-12
131.85	1.500545618087486e-12
131.925	1.4876838537477043e-12
132.	1.4749316088635563e-12
132.075	1.462288034903879e-12
132.15	1.4497522876652534e-12
132.225	1.437323527297573e-12
132.3	1.4250009183284233e-12
132.375	1.4127836296861697e-12
132.45	1.4006708347219622e-12
132.525	1.3886617112304305e-12
132.6	1.3767554414693595e-12
132.675	1.3649512121780858e-12
132.75	1.3532482145949687e-12
132.825	1.341645644473576e-12
132.9	1.3301427020979962e-12
132.975	1.3187385922969408e-12
133.05	1.3074325244569366e-12
133.125	1.2962237125344853e-12
133.2	1.2851113750672094e-12
133.275	1.2740947351840748e-12
133.35	1.2631730206146847e-12
133.425	1.2523454636975707e-12
133.5	1.2416113013877243e-12
133.575	1.2309697752630717e-12
133.65	1.2204201315302297e-12
133.725	1.2099616210293448e-12
133.8	1.1995934992381313e-12
133.875	1.1893150262750666e-12
133.95	1.1791254669018433e-12
134.025	1.1690240905250093e-12
134.1	1.1590101711968728e-12
134.175	1.1490829876156705e-12
134.25	1.139241823124983e-12
134.325	1.1294859657124807e-12
134.4	1.1198147080079633e-12
134.475	1.1102273472807509e-12
134.55	1.1007231854363514e-12
134.625	1.0913015290125803e-12
134.7	1.0819616891749623e-12
134.775	1.0727029817115989e-12
134.85	1.0635247270274094e-12
134.925	1.0544262501377547e-12
135.	1.0454068806615574e-12
135.075	1.036465952813827e-12
135.15	1.0276028053976586e-12
135.225	1.0188167817957371e-12
135.3	1.0101072299612423e-12
135.375	1.0014735024083985e-12
135.45	9.92914956202363e-13
135.525	9.8443095294882e-13
135.6	9.76020858782993e-13
135.675	9.676840443582329e-13
135.75	9.594198848342569e-13
135.825	9.512277598648286e-13
135.9	9.431070535851453e-13
135.975	9.350571545987563e-13
136.05	9.270774559641379e-13
136.125	9.191673551808813e-13
136.2	9.11326254175481e-13
136.275	9.035535592868254e-13
136.35	8.958486812513303e-13
136.425	8.882110351876906e-13
136.5	8.806400405814042e-13
136.575	8.731351212688803e-13
136.65	8.656957054213502e-13
136.725	8.583212255283963e-13
136.8	8.510111183812519e-13
136.875	8.437648250558236e-13
136.95	8.365817908954361e-13
137.025	8.294614654933425e-13
137.1	8.224033026749744e-13
137.175	8.154067604799375e-13
137.25	8.084713011438654e-13
137.325	8.015963910799324e-13
137.4	7.947815008602571e-13
137.475	7.880261051970445e-13
137.55	7.813296829235687e-13
137.625	7.746917169749693e-13
137.7	7.681116943688244e-13
137.775	7.615891061856076e-13
137.85	7.551234475489775e-13
137.925	7.487142176058501e-13
138.	7.423609195064133e-13
138.075	7.360630603839309e-13
138.15	7.298201513344335e-13
138.225	7.236317073962972e-13
138.3	7.174972475296759e-13
138.375	7.114162945958284e-13
138.45	7.053883753363582e-13
138.525	6.99413020352301e-13
138.6	6.93489764083166e-13
138.675	6.876181447858578e-13
138.75	6.817977045135392e-13
138.825	6.760279890943795e-13
138.9	6.703085481102483e-13
138.975	6.646389348753683e-13
139.05	6.590187064148503e-13
139.125	6.534474234432037e-13
139.2	6.47924650342819e-13
139.275	6.424499551423362e-13
139.35	6.370229094950413e-13
139.425	6.316430886571664e-13
139.5	6.263100714662228e-13
139.575	6.210234403192212e-13
139.65	6.157827811509563e-13
139.725	6.105876834122085e-13
139.8	6.054377400479413e-13
139.875	6.003325474755331e-13
139.95	5.95271705562937e-13
140.025	5.902548176068662e-13
140.1	5.852814903110215e-13
140.175	5.803513337642215e-13
140.25	5.754639614186674e-13
140.325	5.706189900681003e-13
140.4	5.658160398260636e-13
140.475	5.610547341041457e-13
140.55	5.563346995902273e-13
140.625	5.516555662267963e-13
140.7	5.470169671892566e-13
140.775	5.42418538864297e-13
140.85	5.37859920828266e-13
140.925	5.33340755825592e-13
141.	5.288606897472709e-13
141.075	5.244193716093511e-13
141.15	5.20016453531498e-13
141.225	5.156515907156022e-13
141.3	5.113244414244204e-13
141.375	5.070346669602935e-13
141.45	5.02781931643899e-13
141.525	4.985659027930711e-13
141.6	4.943862507016994e-13
141.675	4.902426486186425e-13
141.75	4.861347727267524e-13
141.825	4.820623021219576e-13
141.9	4.780249187923761e-13
141.975	4.740223075975594e-13
142.05	4.700541562477586e-13
142.125	4.661201552832905e-13
142.2	4.622199980539781e-13
142.275	4.583533806986422e-13
142.35	4.5452000212472767e-13
142.425	4.507195639879491e-13
142.5	4.4695177067205825e-13
142.575	4.43216329268678e-13
142.65	4.395129495572323e-13
142.725	4.358413439849634e-13
142.8	4.322012276470132e-13
142.875	4.2859231826662705e-13
142.95	4.250143361754301e-13
143.025	4.214670042937964e-13
143.1	4.179500481113168e-13
143.175	4.144631956673482e-13
143.25	4.1100617753167113e-13
143.325	4.075787267852403e-13
143.4	4.0418057900103014e-13
143.475	4.008114722249764e-13
143.55	3.9747114695700864e-13
143.625	3.941593461322132e-13
143.7	3.9087581510204823e-13
143.775	3.876203016157119e-13
143.85	3.843925558015648e-13
143.925	3.811923301486868e-13
144.	3.780193794885364e-13
144.075	3.7487346097667736e-13
144.15	3.717543340746606e-13
144.225	3.6866176053197836e-13
144.3	3.655955043681224e-13
144.375	3.625553318547718e-13
144.45	3.595410114980653e-13
144.525	3.5655231402097406e-13
144.6	3.53589012345821e-13
144.675	3.5065088157685285e-13
144.75	3.477376989829676e-13
144.825	3.4484924398050794e-13
144.9	3.419852981162066e-13
144.975	3.391456450502001e-13
145.05	3.363300705391722e-13
145.125	3.3353836241961023e-13
145.2	3.3077031059114815e-13
145.275	3.280257070000351e-13
145.35	3.253043456227132e-13
145.425	3.226060224495045e-13
145.5	3.1993053546838533e-13
145.575	3.1727768464891155e-13
145.65	3.146472719262015e-13
145.725	3.12039101185083e-13
145.8	3.0945297824429305e-13
145.875	3.0688871084083663e-13
145.95	3.0434610861442014e-13
146.025	3.0182498309200704e-13
146.1	2.99325147672482e-13
146.175	2.968464176114179e-13
146.25	2.9438861000596506e-13
146.325	2.9195154377981865e-13
146.4	2.8953503966833105e-13
146.475	2.871389202037059e-13
146.55	2.8476300970030656e-13
146.625	2.82407134240072e-13
146.7	2.8007112165804904e-13
146.775	2.7775480152800055e-13
146.85	2.754580051481698e-13
146.925	2.731805655270868e-13
147.	2.7092231736955273e-13
147.075	2.686830970626555e-13
147.15	2.664627426619525e-13
147.225	2.642610938777179e-13
147.3	2.620779920613046e-13
147.375	2.599132801916266e-13
147.45	2.5776680286171377e-13
147.525	2.556384062653906e-13
147.6	2.5352793818406014e-13
147.675	2.514352479735646e-13
147.75	2.493601865511819e-13
147.825	2.473026063826905e-13
147.9	2.452623614695533e-13
147.975	2.432393073361999e-13
148.05	2.4123330101740116e-13
148.125	2.3924420104574804e-13
148.2	2.372718674392238e-13
148.275	2.3531616168887985e-13
148.35	2.333769467466032e-13
148.425	2.3145408701297664e-13
148.5	2.2954744832525714e-13
148.575	2.2765689794540997e-13
148.65	2.2578230454827685e-13
148.725	2.2392353820982062e-13
148.8	2.2208047039545024e-13
148.875	2.2025297394847115e-13
148.95	2.1844092307859303e-13
149.025	2.1664419335055469e-13
149.1	2.1486266167282913e-13
149.175	2.1309620628641443e-13
149.25	2.1134470675372422e-13
149.325	2.0960804394756395e-13
149.4	2.0788610004018902e-13
149.475	2.061787584924596e-13
149.55	2.0448590404307236e-13
149.625	2.0280742269789292e-13
149.7	2.0114320171935356e-13
149.775	1.994931296159524e-13
149.85	1.9785709613183862e-13
149.925	1.9623499223645433e-13
150.	1.946267101142977e-13