0.	0
0.075	0
0.15	0
0.225	0
0.3	0
0.375	0
0.45	0
0.525	0
0.6	0
0.675	0
0.75	0
0.825	0
0.9	0
0.975	0
1.05	0
1.125	0
1.2	0
1.275	0
1.35	0
1.425	0
1.5	0
1.575	0
1.65	0
1.725	0
1.8	0
1.875	0
1.95	0
2.025	0
2.1	0
2.175	0
2.25	0
2.325	0
2.4	0
2.475	0
2.55	0
2.625	0
2.7	0
2.775	0
2.85	0
2.925	0
3.	0
3.075	0
3.15	0
3.225	0
3.3	0
3.375	0
3.45	0
3.525	0
3.6	0
3.675	0
3.75	0
3.825	0
3.9	0
3.975	0
4.05	0
4.125	0
4.2	0
4.275	0
4.35	0
4.425	0
4.5	0
4.575	0
4.65	0
4.725	0
4.8	0
4.875	0
4.95	0
5.025	0
5.1	0
5.175	0
5.25	0
5.325	0
5.4	0
5.475	0
5.55	0
5.625	0
5.7	0.027759496952402922
5.775	0.027775269520540286
5.85	0.027790652212367154
5.925	0.027805646026264223
6.	0.02782025196574512
6.075	0.027834471039409874
6.15	0.027848304260898488
6.225	0.02786175264884443
6.3	0.02787481722682842
6.375	0.027887499023331992
6.45	0.02789979907169133
6.525	0.027911718410050974
6.6	0.027923258081317754
6.675	0.027934419133114615
6.75	0.027945202617734574
6.825	0.027955609592094775
6.9	0.027965641117690482
6.975	0.027975298260549293
7.05	0.027984582091185196
7.125	0.027993493684552933
7.2	0.028002034120002232
7.275	0.0280102044812322
7.35	0.02801800585624576
7.425	0.02802543933730406
7.5	0.028032506020881164
7.575	0.02803920700761866
7.65	0.02804554340228025
7.725	0.028051516313706667
7.8	0.028057126854770346
7.875	0.028062376142330512
7.95	0.028067265297188046
8.025	0.028071795444040603
8.1	0.028075967711437715
8.175	0.028079783231736002
8.25	0.028083243141054443
8.325	0.028086348579229866
8.4	0.028089100689772196
8.475	0.028091500619820173
8.55	0.0280935495200968
8.625	0.028095248544865167
8.7	0.028096598851884126
8.775	0.028097601602364297
8.85	0.028098257960923835
8.925	0.02809856909554452
9.	0.028098536177527972
9.075	0.028098160381451798
9.15	0.028097442885125876
9.225	0.028096384869548772
9.3	0.028094987518864176
9.375	0.02809325202031758
9.45	0.028091179564212875
9.525	0.02808877134386909
9.6	0.02808602855557738
9.675	0.028082952398557813
9.75	0.028079544074916533
9.825	0.0280758047896029
9.9	0.02807173575036679
9.975	0.028067338167715818
10.05	0.02806261325487289
10.125	0.028057562227733736
10.2	0.02805218630482463
10.275	0.028046486707260006
10.35	0.02804046465870055
10.425	0.028034121385310848
10.5	0.02802745811571781
10.575	0.028020476080968717
10.65	0.02801317651448941
10.725	0.028005560652042887
10.8	0.027997629731687658
10.875	0.027989384993736467
10.95	0.02798082768071499
11.025	0.027971959037320707
11.1	0.02796278031038185
11.175	0.027953292748816395
11.25	0.027943497603591466
11.325	0.02793339612768236
11.4	0.027922989576032276
11.475	0.027912279205511564
11.55	0.027901266274877545
11.625	0.027889952044734226
11.7	0.02787833777749228
11.775	0.02786642473732894
11.85	0.027854214190148142
11.925	0.027841707403540965
12.	0.027828905646745658
12.075	0.027815810190608487
12.15	0.027802422307544185
12.225	0.02778874327149667
12.3	0.027774774357900035
12.375	0.027760516843639414
12.45	0.027745972007012204
12.525	0.02773114112768929
12.6	0.027716025486676323
12.675	0.02770062636627541
12.75	0.027684945050046504
12.825	0.027668982822769417
12.9	0.02765274097040554
12.975	0.027636220780059905
13.05	0.02761942353994338
13.125	0.02760235053933484
13.2	0.027585003068543723
13.275	0.027567382418872514
13.35	0.02754948988257934
13.425	0.02753132675284098
13.5	0.027512894323715578
13.575	0.02749419389010596
13.65	0.02747522674772266
13.725	0.027455994193047378
13.8	0.027436497523296452
13.875	0.02741673803638449
13.95	0.027396717030888106
14.025	0.027376435806009847
14.1	0.027355895661542257
14.175	0.027335097897832034
14.25	0.027314043815744298
14.325	0.027292734716627173
14.4	0.027271171902276303
14.475	0.027249356674899597
14.55	0.02722729033708217
14.625	0.027204974191751205
14.7	0.02718240954214142
14.775	0.027159597691760132
14.85	0.027136539944352694
14.925	0.027113237603868322
15.	0.027089691974425602
15.075	0.027065904360278503
15.15	0.02704187606578236
15.225	0.027017608395360118
15.3	0.026993102653468527
15.375	0.02696836014456469
15.45	0.02694338217307276
15.525	0.026918170043350554
15.6	0.026892725059656467
15.675	0.0268670485261167
15.75	0.026841141746692245
15.825	0.026815006025146366
15.9	0.026788642665012127
15.975	0.02676205296955992
16.05	0.026735238241765366
16.125	0.026708199784277208
16.2	0.02668093889938545
16.275	0.026653456888989582
16.35	0.02662575505456697
16.425	0.026597834697141418
16.5	0.026569697117251857
16.575	0.026541343614921283
16.65	0.026512775489625585
16.725	0.02648399404026289
16.8	0.026455000565122712
16.875	0.026425796361855543
16.95	0.02639638272744238
17.025	0.02636676095816453
17.1	0.02633693234957349
17.175	0.026306898196461103
17.25	0.026276659792829688
17.325	0.026246218431862457
17.4	0.026215575405894084
17.475	0.026184732006381363
17.55	0.026153689523874007
17.625	0.026122449247985728
17.7	0.02609101246736536
17.775	0.02605938046966814
17.85	0.026027554541527168
17.925	0.02599553596852512
18.	0.025963326035165893
18.075	0.025930926024846545
18.15	0.02589833721982954
18.225	0.0258655609012148
18.3	0.025832598348912234
18.375	0.02579945084161412
18.45	0.02576611965676808
18.525	0.025732606070549734
18.6	0.025698911357835773
18.675	0.02566503679217718
18.75	0.025630983645772553
18.825	0.025596753189441553
18.9	0.02556234669259867
18.975	0.025527765423226892
19.05	0.025493010647851762
19.125	0.025458083631515502
19.2	0.02542298563775119
19.275	0.02538771792855741
19.35	0.025352281764372583
19.425	0.02531667840404997
19.5	0.025280909104832373
19.575	0.025244975122327425
19.65	0.02520887771048258
19.725	0.02517261812156068
19.8	0.02513619760611542
19.875	0.025099617412967068
19.95	0.02506287878917834
20.025	0.0250259829800304
20.1	0.024988931228998975
20.175	0.02495172477773084
20.25	0.024914364866020146
20.325	0.02487685273178521
20.4	0.024839189611045226
20.475	0.02480137673789724
20.55	0.024763415344493358
20.625	0.024725306661017896
20.7	0.024687051915664948
20.775	0.02464865233461591
20.85	0.02461010914201727
20.925	0.024571423559958464
21.	0.024532596808449995
21.075	0.02449363010540171
21.15	0.024454524666601075
21.225	0.02441528170569182
21.3	0.024375902434152573
21.375	0.02433638806127573
21.45	0.02429673979414651
21.525	0.02425695883762215
21.6	0.02421704639431109
21.675	0.024177003664552665
21.75	0.024136831846396575
21.825	0.02409653213558282
21.9	0.02405610572552157
21.975	0.02401555380727331
22.05	0.023974877569529172
22.125	0.023934078198591214
22.2	0.02389315687835318
22.275	0.023852114790281154
22.35	0.023810953113394418
22.425	0.02376967302424664
22.5	0.0237282756969069
22.575	0.02368676230294121
22.65	0.02364513401139402
22.725	0.023603391988769776
22.8	0.023561537399014874
22.875	0.023519571403499605
22.95	0.023477495161000287
23.025	0.023435309827681588
23.1	0.023393016557078934
23.175	0.023350616500081165
23.25	0.023308110804913258
23.325	0.02326550061711928
23.4	0.02322278707954538
23.475	0.023179971332323135
23.55	0.023137054512852778
23.625	0.023094037755786848
23.7	0.02305092219301378
23.775	0.023007708953641848
23.85	0.022964399163983004
23.925	0.02292099394753718
24.	0.022877494424976427
24.075	0.022833901714129457
24.15	0.02279021692996623
24.225	0.02274644118458264
24.3	0.022702575587185515
24.375	0.02265862124407752
24.45	0.022614579258642485
24.525	0.022570450731330752
24.6	0.022526236759644526
24.675	0.02248193843812373
24.75	0.022437556858331653
24.825	0.022393093108840995
24.9	0.02234854827521986
24.975	0.022303923440018126
25.05	0.022259219682753757
25.125	0.022214438079899368
25.2	0.022169579704868936
25.275	0.022124645628004612
25.35	0.022079636916563714
25.425	0.022034554634705925
25.5	0.02198939984348046
25.575	0.021944173600813563
25.65	0.021898876961496117
25.725	0.021853510977171278
25.8	0.021808076696322416
25.875	0.02176257516426107
25.95	0.02171700742311515
26.025	0.021671374511817255
26.1	0.02162567746609299
26.175	0.021579917318449778
26.25	0.021534095098165364
26.325	0.02148821183127686
26.4	0.021442268540569697
26.475	0.02139626624556676
26.55	0.021350205962517778
26.625	0.02130408870438867
26.7	0.02125791548085126
26.775	0.0212116872982729
26.85	0.021165405159706357
26.925	0.02111907006487991
27.	0.021072683010187387
27.075	0.02102624498867857
27.15	0.020979756990049527
27.225	0.02093322000063326
27.3	0.02088663500339039
27.375	0.020840002977899987
27.45	0.020793324900350612
27.525	0.02074660174353137
27.6	0.02069983447682323
27.675	0.020653024066190417
27.75	0.020606171474171934
27.825	0.02055927765987323
27.9	0.020512343578958037
27.975	0.0204653701836403
28.05	0.020418358422676232
28.125	0.020371309241356578
28.2	0.020324223581498907
28.275	0.020277102381440176
28.35	0.020229946576029244
28.425	0.02018275709661971
28.5	0.02013553487106272
28.575	0.020088280823700042
28.65	0.020040995875357206
28.725	0.019993680943336735
28.8	0.019946336941411586
28.875	0.01989896477981867
28.95	0.019851565365252604
29.025	0.019804139600859368
29.1	0.019756688386230313
29.175	0.019709212617396273
29.25	0.019661713186821615
29.325	0.019614190983398668
29.4	0.01956664689244214
29.475	0.019519081795683603
29.55	0.019471496571266334
29.625	0.019423892093739997
29.7	0.019376269234055655
29.775	0.01932862885956088
29.85	0.019280971833994853
29.925	0.019233299017483784
30.	0.019185611266536257
30.075	0.01913790943403889
30.15	0.01909019436925202
30.225	0.01904246691780543
30.3	0.018994727921694397
30.375	0.018946978219275656
30.45	0.018899218645263654
30.525	0.018851450030726805
30.6	0.018803673203083952
30.675	0.018755888986100852
30.75	0.018708098199886884
30.825	0.018660301660891814
30.9	0.018612500181902678
30.975	0.018564694572040838
31.05	0.018516885636759066
31.125	0.018469074177838826
31.2	0.018421260993387627
31.275	0.018373446877836517
31.35	0.018325632621937687
31.425	0.018277819012762157
31.5	0.018230006833697614
31.575	0.018182196864446408
31.65	0.018134389881023522
31.725	0.01808658665575478
31.8	0.018038787957275173
31.875	0.01799099455052716
31.95	0.017943207196759268
32.025	0.017895426653524657
32.1	0.017847653674679845
32.175	0.01779988901038358
32.25	0.01775213340709575
32.325	0.017704387607576474
32.4	0.017656652350885257
32.475	0.01760892837238024
32.55	0.017561216403717626
32.625	0.017513517172851083
32.7	0.01746583140403151
32.775	0.017418159817806554
32.85	0.017370503131020502
32.925	0.017322862056814207
33.	0.017275237304625064
33.075	0.017227629580187188
33.15	0.01718003958553158
33.225	0.01713246801898648
33.3	0.017084915575177814
33.375	0.017037382945029694
33.45	0.016989870815765078
33.525	0.01694237987090653
33.6	0.016894910790277013
33.675	0.016847464250000808
33.75	0.016800040922504623
33.825	0.016752641476518667
33.9	0.01670526657707796
33.975	0.016657916885523524
34.05	0.016610593059503978
34.125	0.016563295752976933
34.2	0.016516025616210732
34.275	0.01646878329578605
34.35	0.016421569434597792
34.425	0.016374384671857
34.5	0.016327229643092793
34.575	0.016280104980154534
34.65	0.01623301131121397
34.725	0.016185949260767572
34.8	0.01613891944963887
34.875	0.016091922494980905
34.95	0.016044959010278838
35.025	0.01599802960535259
35.1	0.01595113488635954
35.175	0.015904275455797395
35.25	0.0158574519125071
35.325	0.015810664851675846
35.4	0.01576391486484015
35.475	0.01571720253988909
35.55	0.01567052846106748
35.625	0.015623893208979325
35.7	0.015577297360591224
35.775	0.015530741489235882
35.85	0.015484226164615759
35.925	0.015437751952806724
36.	0.01539131941626187
36.075	0.01534492911381539
36.15	0.015298581600686503
36.225	0.015252277428483431
36.3	0.01520601714520765
36.375	0.015159801295257926
36.45	0.01511363041943473
36.525	0.01506750505494447
36.6	0.015021425735403979
36.675	0.014975392990845082
36.75	0.014929407347719074
36.825	0.014883469328901468
36.9	0.014837579453696738
36.975	0.014791738237843117
37.05	0.01474594619351748
37.125	0.01470020382934038
37.2	0.014654511650381067
37.275	0.014608870158162592
37.35	0.014563279850667065
37.425	0.014517741222340844
37.5	0.014472254764099982
37.575	0.014426820963335554
37.65	0.014381440303919241
37.725	0.014336113266208848
37.8	0.014290840327053883
37.875	0.014245621959801382
37.95	0.0142004586343016
38.025	0.014155350816913888
38.1	0.014110298970512589
38.175	0.014065303554493059
38.25	0.01402036502477768
38.325	0.01397548383382198
38.4	0.013930660430620863
38.475	0.013885895260714825
38.55	0.013841188766196276
38.625	0.013796541385715908
38.7	0.013751953554489188
38.775	0.013707425704302834
38.85	0.013662958263521431
38.925	0.013618551657094032
39.	0.01357420630656083
39.075	0.013529922630060042
39.15	0.013485701042334616
39.225	0.013441541954739192
39.3	0.013397445775246986
39.375	0.013353412908456872
39.45	0.013309443755600418
39.525	0.013265538714548998
39.6	0.013221698179820988
39.675	0.013177922542589038
39.75	0.013134212190687337
39.825	0.013090567508619012
39.9	0.01304698887756349
39.975	0.013003476675384018
40.05	0.012960031276635177
40.125	0.012916653052570448
40.2	0.012873342371149874
40.275	0.012830099597047758
40.35	0.01278692509166033
40.425	0.012743819213113674
40.5	0.012700782316271473
40.575	0.012657814752742975
40.65	0.012614916870890872
40.725	0.012572089015839394
40.8	0.012529331529482315
40.875	0.01248664475049104
40.95	0.012444029014322823
41.025	0.012401484653228911
41.1	0.01235901199626282
41.175	0.012316611369288629
41.25	0.012274283094989347
41.325	0.012232027492875282
41.4	0.012189844879292486
41.475	0.012147735567431253
41.55	0.012105699867334641
41.625	0.012063738085907069
41.7	0.012021850526922909
41.775	0.011980037491035173
41.85	0.011938299275784197
41.925	0.011896636175606452
42.	0.01185504848184325
42.075	0.011813536482749696
42.15	0.011772100463503406
42.225	0.011730740706213608
42.3	0.011689457489929955
42.375	0.011648251090651608
42.45	0.011607121781336268
42.525	0.011566069831909205
42.6	0.011525095509272418
42.675	0.011484199077313807
42.75	0.0114433807969163
42.825	0.011402640925967138
42.9	0.011361979719367147
42.975	0.011321397429040002
43.05	0.011280894303941582
43.125	0.01124047059006936
43.2	0.0112001265304718
43.275	0.01115986236525779
43.35	0.011119678331606157
43.425	0.011079574663775111
43.5	0.011039551593111853
43.575	0.010999609348062123
43.65	0.010959748154179834
43.725	0.010919968234136648
43.8	0.010880269807731723
43.875	0.01084065309190137
43.95	0.010801118300728794
44.025	0.010761665645453868
44.1	0.010722295334482898
44.175	0.010683007573398465
44.25	0.010643802564969277
44.325	0.01060468050916001
44.4	0.010565641603141262
44.475	0.010526686041299445
44.55	0.010487814015246734
44.625	0.010449025713831106
44.7	0.010410321323146279
44.775	0.010371701026541807
44.85	0.010333165004633093
44.925	0.010294713435311492
45.	0.010256346493754415
45.075	0.010218064352435458
45.15	0.010179867181134575
45.225	0.010141755146948202
45.3	0.01010372841429954
45.375	0.010065787144948657
45.45	0.010027931498002858
45.525	0.009990161629926858
45.6	0.00995247769455308
45.675	0.009914879843091993
45.75	0.0098773682241424
45.825	0.009839942983701779
45.9	0.009802604265176672
45.975	0.009765352209393018
46.05	0.009728186954606617
46.125	0.009691108636513446
46.2	0.009654117388260192
46.275	0.009617213340454647
46.35	0.009580396621176135
46.425	0.009543667355986087
46.5	0.009507025667938446
46.575	0.009470471677590226
46.65	0.009434005503012027
46.725	0.009397627259798565
46.8	0.00936133706107923
46.875	0.00932513501752863
46.95	0.009289021237377224
47.025	0.009252995826421867
47.1	0.009217058888036415
47.175	0.009181210523182352
47.25	0.00914545083041943
47.325	0.009109779905916276
47.4	0.009074197843461078
47.475	0.009038704734472193
47.55	0.009003300668008871
47.625	0.008967985730781888
47.7	0.00893276000716425
47.775	0.008897623579201906
47.85	0.008862576526624422
47.925	0.008827618926855699
48.	0.008792750855024727
48.075	0.00875797238397625
48.15	0.008723283584281559
48.225	0.00868868452424919
48.3	0.008654175269935704
48.375	0.008619755885156387
48.45	0.008585426431496079
48.525	0.008551186968319871
48.6	0.008517037552783904
48.675	0.008482978239846131
48.75	0.008449009082277104
48.825	0.008415130130670726
48.9	0.008381341433455055
48.975	0.008347643036903083
49.05	0.008314034985143513
49.125	0.008280517320171562
49.2	0.00824709008185974
49.275	0.00821375330796864
49.35	0.008180507034157746
49.425	0.008147351293996215
49.5	0.008114286118973663
49.575	0.008081311538510967
49.65	0.008048427579971094
49.725	0.00801563426866981
49.8	0.007982931627886554
49.875	0.007950319678875186
49.95	0.00791779844087478
50.025	0.00788536793112044
50.1	0.007853028164854028
50.175	0.007820779155335016
50.25	0.007788620913851199
50.325	0.0077565534497295125
50.4	0.007724576770346799
50.475	0.0076926908811405645
50.55	0.007660895785619745
50.625	0.007629191485375464
50.7	0.007597577980091807
50.775	0.00756605526755655
50.85	0.0075346233436719
50.925	0.007503282202465261
51.	0.007472031836099931
51.075	0.007440872234885841
51.15	0.007409803387290298
51.225	0.007378825279948657
51.3	0.007347937897675053
51.375	0.007317141223473081
51.45	0.0072864352385464915
51.525	0.007255819922309895
51.6	0.007225295252399377
51.675	0.00719486120468323
51.75	0.00716451775327255
51.825	0.00713426487053191
51.9	0.007104102527090001
51.975	0.007074030691850239
52.05	0.007044049332001392
52.125	0.007014158413028176
52.2	0.006984357898721856
52.275	0.006954647751190838
52.35	0.006925027930871201
52.425	0.00689549839653732
52.5	0.006866059105312355
52.575	0.006836710012678819
52.65	0.0068074510724890885
52.725	0.0067782822369759285
52.8	0.00674920345676298
52.875	0.006720214680875225
52.95	0.00669131585674951
53.025	0.006662506930244951
53.1	0.006633787845653407
53.175	0.006605158545709898
53.25	0.006576618971603008
53.325	0.006548169062985328
53.4	0.00651980875798378
53.475	0.0064915379932100475
53.55	0.006463356703770884
53.625	0.00643526482327847
53.7	0.006407262283860736
53.775	0.006379349016171678
53.85	0.006351524949401613
53.925	0.006323790011287519
54.	0.006296144128123188
54.075	0.006268587224769581
54.15	0.006241119224664975
54.225	0.006213740049835178
54.3	0.006186449620903742
54.375	0.006159247857102095
54.45	0.006132134676279733
54.525	0.0061051099949143255
54.6	0.006078173728121809
54.675	0.0060513257896665455
54.75	0.006024566091971313
54.825	0.005997894546127432
54.9	0.005971311061904776
54.975	0.005944815547761769
55.05	0.005918407910855415
55.125	0.005892088057051244
55.2	0.005865855890933284
55.275	0.00583971131581401
55.35	0.005813654233744211
55.425	0.005787684545522949
55.5	0.005761802150707364
55.575	0.0057360069476225725
55.65	0.005710298833371473
55.725	0.005684677703844568
55.8	0.00565914345372974
55.875	0.0056336959765220015
55.95	0.005608335164533264
56.025	0.005583060908902039
56.1	0.005557873099603131
56.175	0.00553277162545733
56.25	0.005507756374141019
56.325	0.005482827232195848
56.4	0.005457984085038308
56.475	0.005433226816969317
56.55	0.005408555311183777
56.625	0.005383969449780107
56.7	0.005359469113769727
56.775	0.005335054183086578
56.85	0.005310724536596565
56.925	0.0052864800521069824
57.	0.005262320606375915
57.075	0.005238246075121646
57.15	0.005214256333032019
57.225	0.005190351253773722
57.3	0.005166530710001666
57.375	0.0051427945733682045
57.45	0.00511914271453243
57.525	0.005095575003169387
57.6	0.005072091307979282
57.675	0.0050486914966966666
57.75	0.0050253754360995665
57.825	0.005002142992018654
57.9	0.00497899402934628
57.975	0.004955928412045614
58.05	0.0049329460031596545
58.125	0.004910046664820223
58.2	0.004887230258257031
58.275	0.004864496643806549
58.35	0.004841845680921022
58.425	0.0048192772281773315
58.5	0.004796791143285895
58.575	0.004774387283099513
58.65	0.004752065503622199
58.725	0.004729825660017977
58.8	0.004707667606619632
58.875	0.004685591196937479
58.95	0.004663596283668063
59.025	0.0046416827187028276
59.1	0.004619850353136795
59.175	0.004598099037277182
59.25	0.004576428620651976
59.325	0.004554838952018544
59.4	0.004533329879372142
59.475	0.004511901249954424
59.55	0.004490552910261948
59.625	0.004469284706054587
59.7	0.004448096482363992
59.775	0.0044269880835019525
59.85	0.004405959353068779
59.925	0.0043850101339616195
60.	0.004364140268382766
60.075	0.004343349597847936
60.15	0.004322637963194502
60.225	0.004302005204589711
60.3	0.004281451161538866
60.375	0.004260975672893459
60.45	0.004240578576859325
60.525	0.004220259711004697
60.6	0.004200018912268296
60.675	0.004179856016967334
60.75	0.004159770860805522
60.825	0.00413976327888104
60.9	0.004119833105694469
60.975	0.004099980175156691
61.05	0.004080204320596783
61.125	0.004060505374769814
61.2	0.004040883169864709
61.275	0.004021337537512001
61.35	0.004001868308791573
61.425	0.003982475314240392
61.5	0.003963158383860179
61.575	0.003943917347125082
61.65	0.00392475203298927
61.725	0.0039056622698945428
61.8	0.0038866478857778946
61.875	0.0038677087080790156
61.95	0.003848844563747807
62.025	0.003830055279251833
62.1	0.0038113406805837602
62.175	0.0037927005932687488
62.25	0.003774134842371812
62.325	0.0037556432525051673
62.4	0.0037372256478355225
62.475	0.003718881852091352
62.55	0.003700611688570136
62.625	0.003682414980145557
62.7	0.0036642915492746727
62.775	0.003646241218005074
62.85	0.0036282638079819483
62.925	0.0036103591404552152
63.	0.00359252703628651
63.075	0.003574767315956232
63.15	0.0035570797995705017
63.225	0.0035394643068681147
63.3	0.003521920657227448
63.375	0.0035044486696733314
63.45	0.003487048162883909
63.525	0.003469718955197438
63.6	0.0034524608646190787
63.675	0.0034352737088276268
63.75	0.0034181573051822478
63.825	0.0034011114707291398
63.9	0.003384136022208198
63.975	0.003367230776059607
64.05	0.0033503955484304525
64.125	0.003333630155181239
64.2	0.0033169344118924365
64.275	0.0033003081338709383
64.35	0.0032837511361565336
64.425	0.003267263233528296
64.5	0.0032508442405109954
64.575	0.0032344939713814373
64.65	0.0032182122401747714
64.725	0.003201998860690798
64.8	0.0031858536465001865
64.875	0.0031697764109507353
64.95	0.003153766967173523
65.025	0.0031378251280890757
65.1	0.003121950706413481
65.175	0.0031061435146644755
65.25	0.003090403365167494
65.325	0.003074730070061701
65.4	0.003059123441305961
65.475	0.003043583290684799
65.55	0.003028109429814316
65.625	0.0030127016701480933
65.7	0.0029973598229830144
65.775	0.0029820836994651208
65.85	0.0029668731105953737
65.925	0.0029517278672354136
66.	0.0029366477801132922
66.075	0.0029216326598291526
66.15	0.0029066823168608863
66.225	0.0028917965615697515
66.3	0.002876975204205966
66.375	0.002862218054914259
66.45	0.002847524923739408
66.525	0.0028328956206317107
66.6	0.0028183299554524486
66.675	0.002803827737979315
66.75	0.0027893887779118034
66.825	0.002775012884876572
66.9	0.0027606998684327516
66.975	0.0027464495380772613
67.05	0.0027322617032500473
67.125	0.0027181361733393315
67.2	0.0027040727576867767
67.275	0.002690071265592688
67.35	0.0026761315063211005
67.425	0.002662253289104898
67.5	0.0026484364231508777
67.575	0.0026346807176447756
67.65	0.0026209859817562546
67.725	0.002607352024643893
67.8	0.0025937786554601017
67.875	0.0025802656833560206
67.95	0.002566812917486407
68.025	0.002553420167014451
68.1	0.0025400872411165958
68.175	0.0025268139489872856
68.25	0.0025136000998437374
68.325	0.0025004455029306164
68.4	0.0024873499675247285
68.475	0.0024743133029396635
68.55	0.0024613353185303916
68.625	0.002448415823697852
68.7	0.002435554627893505
68.775	0.0024227515406238247
68.85	0.002410006371454809
68.925	0.002397318930016406
69.	0.0023846890260069463
69.075	0.0023721164691975255
69.15	0.0023596010694363597
69.225	0.002347142636653115
69.3	0.0023347409808631807
69.375	0.0023223959121719557
69.45	0.002310107240779056
69.525	0.002297874776982522
69.6	0.002285698331182988
69.675	0.0022735777138877984
69.75	0.002261512735715139
69.825	0.002249503207398082
69.9	0.002237548939788648
69.975	0.0022256497438617995
70.05	0.002213805430719429
70.125	0.002202015811594307
70.2	0.0021902806978539935
70.275	0.0021785999010047285
70.35	0.0021669732326952905
70.425	0.0021554005047208042
70.5	0.002143881529026559
70.575	0.0021324161177117525
70.65	0.0021210040830332297
70.725	0.0021096452374091963
70.8	0.002098339393422865
70.875	0.00208708636382612
70.95	0.0020758859615431216
71.025	0.0020647379996738867
71.1	0.002053642291497836
71.175	0.002042598650477312
71.25	0.002031606890261088
71.325	0.002020666824687813
71.4	0.00200977826778944
71.475	0.0019989410337946487
71.55	0.0019881549371321815
71.625	0.001977419792434228
71.7	0.0019667354145397027
71.775	0.001956101618497548
71.85	0.0019455182195699829
71.925	0.0019349850332357208
72.	0.0019245018751931737
72.075	0.0019140685613636146
72.15	0.0019036849078943147
72.225	0.0018933507311616512
72.3	0.001883065847774186
72.375	0.0018728300745757159
72.45	0.001862643228648295
72.525	0.0018525051273152269
72.6	0.0018424155881440344
72.675	0.0018323744289493755
72.75	0.0018223814677959822
72.825	0.0018124365230015099
72.9	0.0018025394131394054
72.975	0.0017926899570417274
73.05	0.0017828879738019292
73.125	0.0017731332827776406
73.2	0.0017634257035933991
73.275	0.0017537650561433567
73.35	0.001744151160593976
73.425	0.0017345838373866642
73.5	0.0017250629072404202
73.575	0.0017155881911544327
73.65	0.0017061595104106366
73.725	0.0016967766865762788
73.8	0.0016874395415064206
73.875	0.0016781478973464429
73.95	0.0016689015765344963
74.025	0.0016597004018039522
74.1	0.0016505441961858006
74.175	0.0016414327830110392
74.25	0.001632365985913031
74.325	0.0016233436288298334
74.4	0.0016143655360065059
74.475	0.0016054315319973776
74.55	0.0015965414416683026
74.625	0.001587695090198897
74.7	0.0015788923030847194
74.775	0.0015701329061394488
74.85	0.0015614167254970426
74.925	0.00155274358761384
75.	0.0015441133192706743
75.075	0.0015355257475749237
75.15	0.001526980699962574
75.225	0.0015184780042002293
75.3	0.0015100174883870981
75.375	0.0015015989809569696
75.45	0.0014932223106801595
75.525	0.0014848873066654151
75.6	0.0014765937992737086
75.675	0.0014683416351571798
75.75	0.0014601306745415778
75.825	0.0014519607778162393
75.9	0.0014438318051011704
75.975	0.0014357436162573632
76.05	0.0014276960708970044
76.125	0.0014196890283935965
76.2	0.0014117223478919705
76.275	0.0014037958883182013
76.35	0.0013959095083894305
76.425	0.0013880630666235853
76.5	0.0013802564213490072
76.575	0.0013724894307139783
76.65	0.0013647619526961532
76.725	0.0013570738451118992
76.8	0.0013494249656255286
76.875	0.0013418151717584593
76.95	0.0013342443208982557
77.025	0.0013267122703075898
77.1	0.0013192188771331077
77.175	0.0013117639984142012
77.25	0.001304347491091685
77.325	0.001296969212016387
77.4	0.0012896290179576395
77.475	0.0012823267656116902
77.55	0.0012750623116100047
77.625	0.0012678355125275032
77.7	0.0012606462248906858
77.775	0.0012534943051856775
77.85	0.0012463796098661896
77.925	0.0012393019953613736
78.	0.0012322613180836182
78.075	0.001225257434436227
78.15	0.0012182902008210316
78.225	0.0012113594736459063
78.3	0.001204465109332197
78.375	0.001197606964322081
78.45	0.001190784895085816
78.525	0.0011839987581289243
78.6	0.001177248409999285
78.675	0.001170533707294142
78.75	0.0011638545066670351
78.825	0.001157210664834642
78.9	0.0011506020385835423
78.975	0.0011440284847768951
79.05	0.0011374898603610409
79.125	0.0011309860223720216
79.2	0.0011245168279420202
79.275	0.0011180821343057157
79.35	0.0011116817988065715
79.425	0.0011053156789030245
79.5	0.0010989836321746234
79.575	0.001092685516328064
79.65	0.001086421189203166
79.725	0.001080190508778758
79.8	0.0010739933331784949
79.875	0.0010678295206766042
79.95	0.0010616989297035468
80.025	0.0010556014188516055
80.1	0.0010495368468804091
80.175	0.0010435050727223658
80.25	0.0010375059554880385
80.325	0.0010315393544714439
80.4	0.0010256051291552696
80.475	0.0010197031392160391
80.55	0.0010138332445291786
80.625	0.0010079953051740414
80.7	0.0010021891814388432
80.775	0.0009964147338255365
80.85	0.0009906718230546072
80.925	0.0009849603100698138
81.	0.000979280056042849
81.075	0.0009736309223779436
81.15	0.0009680127707163888
81.225	0.0009624254629410019
81.3	0.000956868861180529
81.375	0.0009513428278139689
81.45	0.0009458472254748474
81.525	0.0009403819170554115
81.6	0.0009349467657107737
81.675	0.0009295416348629759
81.75	0.0009241663882050105
81.825	0.0009188208897047603
81.9	0.0009135050036088865
81.975	0.0009082185944466544
82.05	0.0009029615270336844
82.125	0.000897733666475665
82.2	0.0008925348781719909
82.275	0.0008873650278193341
82.35	0.0008822239814151788
82.425	0.0008771116052612708
82.5	0.0008720277659670304
82.575	0.0008669723304528911
82.65	0.0008619451659535926
82.725	0.0008569461400214073
82.8	0.0008519751205293171
82.875	0.0008470319756741316
82.95	0.0008421165739795477
83.025	0.0008372287842991577
83.1	0.0008323684758194072
83.175	0.0008275355180624824
83.25	0.0008227297808891618
83.325	0.0008179511345016073
83.4	0.000813199449446098
83.475	0.0008084745966157193
83.55	0.0008037764472529913
83.625	0.000799104872952458
83.7	0.0007944597456632119
83.775	0.0007898409376913784
83.85	0.0007852483217025437
83.925	0.0007806817707241314
84.	0.0007761411581477426
84.075	0.0007716263577314285
84.15	0.0007671372436019308
84.225	0.0007626736902568657
84.3	0.0007582355725668561
84.375	0.0007538227657776326
84.45	0.0007494351455120727
84.525	0.0007450725877721975
84.6	0.0007407349689411273
84.675	0.0007364221657849873
84.75	0.0007321340554547709
84.825	0.0007278705154881537
84.9	0.0007236314238112736
84.975	0.0007194166587404552
85.05	0.0007152260989838956
85.125	0.0007110596236433147
85.2	0.0007069171122155506
85.275	0.0007027984445941241
85.35	0.0006987035010707519
85.425	0.0006946321623368236
85.5	0.0006905843094848419
85.575	0.0006865598240098168
85.65	0.0006825585878106186
85.725	0.0006785804831912984
85.8	0.0006746253928623575
85.875	0.0006706931999419972
85.95	0.000666783787957309
86.025	0.0006628970408454428
86.1	0.0006590328429547282
86.175	0.0006551910790457601
86.25	0.0006513716342924566
86.325	0.0006475743942830654
86.4	0.0006437992450211467
86.475	0.0006400460729265139
86.55	0.0006363147648361411
86.625	0.0006326052080050377
86.7	0.0006289172901070826
86.775	0.0006252508992358327
86.85	0.0006216059239052898
86.925	0.0006179822530506374
87.	0.0006143797760289481
87.075	0.0006107983826198495
87.15	0.0006072379630261693
87.225	0.0006036984078745369
87.3	0.0006001796082159619
87.375	0.0005966814555263772
87.45	0.0005932038417071542
87.525	0.0005897466590855828
87.6	0.0005863098004153267
87.675	0.0005828931588768464
87.75	0.0005794966280777911
87.825	0.0005761201020533644
87.9	0.0005727634752666609
87.975	0.000569426642608971
88.05	0.0005661094994000614
88.125	0.0005628119413884282
88.2	0.0005595338647515185
88.275	0.0005562751660959286
88.35	0.0005530357424575746
88.425	0.0005498154913018329
88.5	0.0005466143105236634
88.575	0.0005434320984476961
88.65	0.0005402687538283009
88.725	0.0005371241758496274
88.8	0.0005339982641256192
88.875	0.0005308909187000105
88.95	0.0005278020400462902
89.025	0.000524731529067644
89.1	0.0005216792870968813
89.175	0.0005186452158963212
89.25	0.0005156292176576765
89.325	0.0005126311950018988
89.4	0.0005096510509790095
89.475	0.0005066886890679047
89.55	0.0005037440131761381
89.625	0.0005008169276396903
89.7	0.0004979073372227031
89.775	0.0004950151471172047
89.85	0.000492140262942811
89.925	0.0004892825907463977
90.	0.0004864420370017697
90.075	0.0004836185086092928
90.15	0.0004808119128955201
90.225	0.0004780221576127879
90.3	0.0004752491509387981
90.375	0.00047249280147618346
90.45	0.00046975301825205145
90.525	0.0004670297107175077
90.6	0.00046432278874716776
90.675	0.0004616321626386435
90.75	0.00045895774311202
90.825	0.0004562994413093085
90.9	0.0004536571687938868
90.975	0.00045103083754992064
91.05	0.0004484203599817669
91.125	0.00044582564891336744
91.2	0.0004432466175876176
91.275	0.00044068317966572797
91.35	0.0004381352492265632
91.425	0.00043560274076596885
91.5	0.0004330855691960862
91.575	0.00043058364984464414
91.65	0.0004280968984542461
91.725	0.0004256252311816359
91.8	0.0004231685645969494
91.875	0.00042072681568295863
91.95	0.000418299901834294
92.025	0.0004158877408566608
92.1	0.00041349025096603433
92.175	0.00041110735078784936
92.25	0.00040873895935617324
92.325	0.00040638499611286594
92.4	0.0004040453809067285
92.475	0.00040172003399264187
92.55	0.0003994088760306862
92.625	0.0003971118280852589
92.7	0.00039482881162417266
92.775	0.0003925597485177454
92.85	0.00039030456103788006
92.925	0.0003880631718571272
93.	0.00038583550404774924
93.075	0.0003836214810807591
93.15	0.0003814210268249617
93.225	0.00037923406554597457
93.3	0.0003770605219052446
93.375	0.0003749003209590549
93.45	0.00037275338815751874
93.525	0.0003706196493435663
93.6	0.0003684990307519216
93.675	0.00036639145900806824
93.75	0.000364296861127212
93.825	0.0003622151645132267
93.9	0.00036014629695759734
93.975	0.0003580901866383529
94.05	0.00035604676211898896
94.125	0.0003540159523473856
94.2	0.0003519976866547158
94.275	0.00034999189475434415
94.35	0.0003479985067407214
94.425	0.0003460174530882668
94.5	0.0003440486646502492
94.575	0.00034209207265765626
94.65	0.00034014760871805687
94.725	0.00033821520481446
94.8	0.0003362947933041618
94.875	0.00033438630691759073
94.95	0.00033248967875714353
95.025	0.00033060484229601697
95.1	0.00032873173137702976
95.175	0.00032687028021144096
95.25	0.00032502042337776457
95.325	0.00032318209582057325
95.4	0.0003213552328492995
95.475	0.0003195397701370335
95.55	0.0003177356437193085
95.625	0.00031594278999288853
95.7	0.00031416114571454625
95.775	0.0003123906479998392
95.85	0.00031063123432187664
95.925	0.00030888284251008623
96.	0.0003071454107489722
96.075	0.0003054188775768737
96.15	0.00030370318188471205
96.225	0.00030199826291474156
96.3	0.0003003040602592881
96.375	0.0002986205138594905
96.45	0.00029694756400403265
96.525	0.0002952851513278775
96.6	0.0002936332168109895
96.675	0.00029199170177706123
96.75	0.00029036054789223053
96.825	0.00028873969716380015
96.9	0.0002871290919389454
96.975	0.00028552867490342894
97.05	0.00028393838908030266
97.125	0.00028235817782861427
97.2	0.00028078798484210696
97.275	0.00027922775414791556
97.35	0.00027767743010526173
97.425	0.00027613695740414643
97.5	0.00027460628106403977
97.575	0.0002730853464325663
97.65	0.00027157409918419093
97.725	0.00027007248531890073
97.8	0.0002685804511608826
97.875	0.0002670979433572043
97.95	0.00026562490887648785
98.025	0.00026416129500758374
98.1	0.0002627070493582416
98.175	0.0002612621198537807
98.25	0.00025982645473575686
98.325	0.0002584000025606308
98.4	0.0002569827121984291
98.475	0.00025557453283140975
98.55	0.00025417541395272267
98.625	0.0002527853053650689
98.7	0.0002514041571793611
98.775	0.00025003191981337803
98.85	0.00024866854399042303
98.925	0.0002473139807379759
99.	0.0002459681813863498
99.075	0.00024463109756734085
99.15	0.00024330268121288112
99.225	0.00024198288455369005
99.3	0.00024067166011792132
99.375	0.0002393689607298137
99.45	0.00023807473950833956
99.525	0.00023678894986585018
99.6	0.0002355115455067238
99.675	0.00023424248042601092
99.75	0.00023298170890807978
99.825	0.00023172918552526132
99.9	0.0002304848651364939
99.975	0.00022924870288596578
100.05	0.00022802065420176007
100.125	0.00022680067479449641
100.2	0.00022558872065597623
100.275	0.00022438474805782177
100.35	0.00022318871355012231
100.425	0.00022200057396007156
100.5	0.0002208202863906144
100.575	0.00021964780821908577
100.65	0.00021848309709585325
100.725	0.0002173261109429584
100.8	0.0002161768079527586
100.875	0.0002150351465865693
100.95	0.0002139010855733051
101.025	0.000212774583908121
101.1	0.0002116556008510566
101.175	0.00021054409592567524
101.25	0.0002094400289177087
101.325	0.00020834335987369762
101.4	0.00020725404909963623
101.475	0.00020617205715961395
101.55	0.0002050973448744583
101.625	0.00020402987332037982
101.7	0.00020296960382761432
101.775	0.00020191649797906855
101.85	0.00020087051760896363
101.925	0.0001998316248014803
102.	0.00019879978188940407
102.075	0.0001977749514527715
102.15	0.00019675709631751637
102.225	0.00019574617955411561
102.3	0.00019474216447623672
102.375	0.000193745014639386
102.45	0.0001927546938395554
102.525	0.00019177116611187304
102.6	0.0001907943957292509
102.675	0.00018982434720103407
102.75	0.00018886098527165322
102.825	0.00018790427491927305
102.9	0.0001869541813544458
102.975	0.00018601067001876154
103.05	0.00018507370658350103
103.125	0.0001841432569482902
103.2	0.00018321928723975307
103.275	0.0001823017638101656
103.35	0.00018139065323611195
103.425	0.00018048592231713882
103.5	0.00017958753807441314
103.575	0.00017869546603710714
103.65	0.00017780966074482432
103.725	0.00017693007258109554
103.8	0.0001760566523323756
103.875	0.0001751893511968456
103.95	0.00017432812078050917
104.025	0.0001734729130933277
104.1	0.00017262368054539484
104.175	0.000171780375943149
104.25	0.0001709429524856284
104.325	0.00017011136376075855
104.4	0.00016928556374168222
104.475	0.0001684655067831239
104.55	0.00016765114761779114
104.625	0.00016684244135281592
104.7	0.00016603934346622718
104.775	0.00016524180980346357
104.85	0.0001644497965739185
104.925	0.00016366326034752122
105.	0.00016288215805135368
105.075	0.000162106446966301
105.15	0.00016133608472373445
105.225	0.00016057102930223062
105.3	0.00015981123902432184
105.375	0.00015905667255328084
105.45	0.00015830728888993688
105.525	0.0001575630473695249
105.6	0.00015682390765856658
105.675	0.00015608982975178208
105.75	0.00015536077396903418
105.825	0.00015463670095230267
105.9	0.00015391757166268992
105.975	0.00015320334737745572
106.05	0.00015249398968708244
106.125	0.00015178946049237147
106.2	0.0001510897220015659
106.275	0.00015039473672750556
106.35	0.00014970446748480853
106.425	0.00014901887738708093
106.5	0.00014833792984415763
106.575	0.0001476615885593677
106.65	0.00014698981752682882
106.725	0.0001463225810287693
106.8	0.00014565984363287582
106.875	0.0001450015701896699
106.95	0.00014434772582990832
107.025	0.00014369827596201262
107.1	0.00014305318626952183
107.175	0.00014241242270857167
107.25	0.00014177595150540075
107.325	0.00014114373915388004
107.4	0.00014051575241306669
107.475	0.00013989195830478547
107.55	0.0001392723241112304
107.625	0.0001386568173725948
107.7	0.00013804540588472107
107.775	0.0001374380576967779
107.85	0.0001368347411089577
107.925	0.0001362354246701988
108.	0.00013564007717593036
108.075	0.0001350486676658397
108.15	0.00013446116542166226
108.225	0.0001338775399649932
108.3	0.00013329776105512186
108.375	0.00013272179868688668
108.45	0.00013214962308855305
108.525	0.00013158120471971172
108.6	0.00013101651426919848
108.675	0.00013045552265303334
108.75	0.0001298982010123834
108.825	0.00012934452071154304
108.9	0.0001287944533359359
108.975	0.0001282479706901368
109.05	0.00012770504479591262
109.125	0.0001271656478902841
109.2	0.00012662975242360607
109.275	0.00012609733105766667
109.35	0.00012556835666380694
109.425	0.00012504280232105694
109.5	0.00012452064131429318
109.575	0.00012400184713241274
109.65	0.00012348639346652536
109.725	0.00012297425420816537
109.8	0.00012246540344751922
109.875	0.00012195981547167264
109.95	0.0001214574647628736
110.025	0.00012095832599681479
110.1	0.00012046237404093069
110.175	0.00011996958395271283
110.25	0.00011947993097804292
110.325	0.00011899339054954032
110.4	0.00011850993828492797
110.475	0.00011802954998541315
110.55	0.00011755220163408524
110.625	0.0001170778693943289
110.7	0.00011660652960825404
110.775	0.0001161381587951395
110.85	0.00011567273364989438
110.925	0.00011521023104153275
111.	0.00011475062801166521
111.075	0.00011429390177300375
111.15	0.00011384002970788305
111.225	0.0001133889893667951
111.3	0.00011294075846693947
111.375	0.0001124953148907866
111.45	0.00011205263668465761
111.525	0.00011161270205731505
111.6	0.00011117548937857077
111.675	0.00011074097717790501
111.75	0.00011030914414310041
111.825	0.00010987996911889053
111.9	0.00010945343110561858
111.975	0.00010902950925791331
112.05	0.00010860818288337456
112.125	0.00010818943144127445
112.2	0.00010777323454126946
112.275	0.00010735957194212631
112.35	0.00010694842355045994
112.425	0.00010653976941948456
112.5	0.00010613358974777523
112.575	0.00010572986487804485
112.65	0.00010532857529592969
112.725	0.00010492970162878903
112.8	0.0001045332246445159
112.875	0.00010413912525035981
112.95	0.00010374738449176073
113.025	0.00010335798355119431
113.1	0.00010297090374702962
113.175	0.00010258612653239591
113.25	0.00010220363349406318
113.325	0.00010182340635133143
113.4	0.00010144542695493186
113.475	0.000101069677285939
113.55	0.00010069613945469233
113.625	0.00010032479569973009
113.7	0.00009995562838673215
113.775	0.00009958862000747346
113.85	0.00009922375317878858
113.925	0.00009886101064154467
114.	0.00009850037525962647
114.075	0.00009814183001892954
114.15	0.00009778535802636364
114.225	0.00009743094250886668
114.3	0.00009707856681242688
114.375	0.00009672821440111557
114.45	0.00009637986885612872
114.525	0.00009603351387483803
114.6	0.00009568913326985095
114.675	0.0000953467109680799
114.75	0.00009500623100982073
114.825	0.00009466767754783978
114.9	0.00009433103484646981
114.975	0.00009399628728071418
115.05	0.00009366341933536099
115.125	0.00009333241560410409
115.2	0.00009300326078867348
115.275	0.0000926759396979744
115.35	0.00009235043724723309
115.425	0.00009202673845715266
115.5	0.00009170482845307569
115.575	0.00009138469246415548
115.65	0.00009106631582253474
115.725	0.00009074968396253282
115.8	0.00009043478241983966
115.875	0.00009012159683071808
115.95	0.00008981011293121414
116.025	0.0000895003165563734
116.1	0.00008919219363946634
116.175	0.0000888857302112198
116.25	0.0000885809123990566
116.325	0.00008827772642634175
116.4	0.00008797615861163609
116.475	0.0000876761953679564
116.55	0.00008737782320204338
116.625	0.00008708102871363572
116.7	0.00008678579859475126
116.775	0.00008649211962897483
116.85	0.00008619997869075265
116.925	0.00008590936274469362
117.	0.00008562025884487657
117.075	0.00008533265413416453
117.15	0.00008504653584352501
117.225	0.00008476189129135642
117.3	0.00008447870788282107
117.375	0.00008419697310918449
117.45	0.00008391667454716011
117.525	0.00008363779985826024
117.6	0.0000833603367881537
117.675	0.00008308427316602821
117.75	0.00008280959690395935
117.825	0.00008253629599628534
117.9	0.00008226435851898664
117.975	0.00008199377262907221
118.05	0.00008172452656397063
118.125	0.00008145660864092717
118.2	0.00008119000725640597
118.275	0.00008092471088549777
118.35	0.00008066070808133295
118.425	0.00008039798747449942
118.5	0.00008013653777246644
118.575	0.00007987634775901322
118.65	0.00007961740629366215
118.725	0.00007935970231111786
118.8	0.00007910322482071039
118.875	0.00007884796290584447
118.95	0.00007859390572345163
119.025	0.00007834104250344995
119.1	0.00007808936254820526
119.175	0.00007783885523199992
119.25	0.00007758951000050441
119.325	0.00007734131637025423
119.4	0.00007709426392813127
119.475	0.0000768483423308492
119.55	0.00007660354130444388
119.625	0.00007635985064376764
119.7	0.00007611726021198815
119.775	0.00007587575994009166
119.85	0.00007563533982638993
119.925	0.00007539598993603144
120.	0.00007515770040051767
120.075	0.00007492046141722175
120.15	0.00007468426324891268
120.225	0.00007444909622328218
120.3	0.00007421495073247691
120.375	0.00007398181723263284
120.45	0.00007374968624341514
120.525	0.00007351854834756048
120.6	0.00007328839419042383
120.675	0.00007305921447952861
120.75	0.00007283099998412048
120.825	0.00007260374153472507
120.9	0.00007237743002270871
120.975	0.00007215205639984291
121.05	0.00007192761167787214
121.125	0.00007170408692808569
121.2	0.00007148147328089167
121.275	0.00007125976192539566
121.35	0.00007103894410898133
121.425	0.00007081901113689565
121.5	0.00007059995437183572
121.575	0.00007038176523354067
121.65	0.0000701644351983849
121.725	0.00006994795579897503
121.8	0.00006973231862375061
121.875	0.00006951751531658668
121.95	0.00006930353757639967
122.025	0.00006909037715675672
122.1	0.00006887802586548742
122.175	0.0000686664755642978
122.25	0.0000684557181683885
122.325	0.00006824574564607472
122.4	0.00006803655001840879
122.475	0.00006782812335880605
122.55	0.00006762045779267297
122.625	0.00006741354549703785
122.7	0.00006720737870018458
122.775	0.00006700194968128808
122.85	0.00006679725077005314
122.925	0.00006659327434635484
123.	0.00006639001283988238
123.075	0.00006618745872978453
123.15	0.00006598560454431778
123.225	0.00006578444286049677
123.3	0.0000655839663037466
123.375	0.00006538416754755849
123.45	0.00006518503931314666
123.525	0.00006498657436910732
123.6	0.00006478876553108072
123.675	0.00006459160566141466
123.75	0.00006439508766883025
123.825	0.00006419920450808961
123.9	0.00006400394917966595
123.975	0.00006380931472941538
124.05	0.00006361529424825066
124.125	0.00006342188087181699
124.2	0.00006322906778016978
124.275	0.00006303684819745425
124.35	0.00006284521539158675
124.425	0.00006265416267393789
124.5	0.00006246368339901785
124.575	0.00006227377096416294
124.65	0.00006208441880922426
124.725	0.00006189562041625811
124.8	0.00006170736930921728
124.875	0.00006151965905364509
124.95	0.00006133248325637065
125.025	0.00006114583556520539
125.1	0.00006095970966864141
125.175	0.00006077409929555124
125.25	0.00006058899821488957
125.325	0.00006040440023539574
125.4	0.000060220299205298276
125.475	0.00006003668901202069
125.55	0.000059853563581888254
125.625	0.00005967091687983699
125.7	0.00005948874290912335
125.775	0.00005930703571103521
125.85	0.00005912578936460499
125.925	0.00005894499798632266
126.	0.00005876465572985143
126.075	0.00005858475678574378
126.15	0.00005840529538115875
126.225	0.0000582262657795808
126.3	0.000058047662280539805
126.375	0.00005786947921933145
126.45	0.0000576917109667398
126.525	0.000057514351928760146
126.6	0.00005733739654632331
126.675	0.000057160839295020623
126.75	0.000056984674684830704
126.825	0.000056808897259846055
126.9	0.00005663350159800179
126.975	0.00005645848231080434
127.05	0.00005628383404306199
127.125	0.000056109551472615255
127.2	0.00005593562931006957
127.275	0.00005576206229852697
127.35	0.00005558884521332062
127.425	0.000055415972861748514
127.5	0.000055243440082808865
127.575	0.00005507124174693625
127.65	0.00005489937275573802
127.725	0.00005472782804173162
127.8	0.00005455660256808304
127.875	0.000054385691328345524
127.95	0.00005421508934619896
128.025	0.000054044791675190274
128.1	0.000053874793398473804
128.175	0.000053705089628553015
128.25	0.00005353567550702247
128.325	0.00005336654620431019
128.4	0.000053197696919420745
128.475	0.000053029122879679315
128.55	0.00005286081934047525
128.625	0.00005269278158500715
128.7	0.00005252500492402759
128.775	0.00005235748469558918
128.85	0.000052190216264790344
128.925	0.00005202319502352129
129.	0.000051856416390211915
129.075	0.00005168987580957804
129.15	0.00005152356875236922
129.225	0.000051357490715117246
129.3	0.00005119163721988354
129.375	0.00005102600381400845
129.45	0.000050860586069859585
129.525	0.00005069537958458127
129.6	0.000050530379979843996
129.675	0.00005036558290159369
129.75	0.00005020098401980197
129.825	0.00005003657902821605
129.9	0.000049872363644108775
129.975	0.00004970833360802968
130.05	0.000049544484683554724
130.125	0.00004938081265703777
130.2	0.000049217313337361076
130.275	0.000049053982555686064
130.35	0.00004889081616520485
130.425	0.0000487278100408909
130.5	0.000048564960079250534
130.575	0.000048402262198073835
130.65	0.00004823971233618598
130.725	0.000048077306453198654
130.8	0.000047915040529261036
130.875	0.00004775291056481106
130.95	0.000047590912580326665
131.025	0.0000474290426160766
131.1	0.00004726729673187197
131.175	0.00004710567100681659
131.25	0.0000469441615390582
131.325	0.00004678276444553906
131.4	0.00004662147586174641
131.475	0.00004646029194314755
131.55	0.00004629921045160468
131.625	0.00004613823368796809
131.7	0.00004597736473214516
131.775	0.000045816606634682195
131.85	0.00004565596241696051
131.925	0.00004549543507139265
132.	0.00004533502756161873
132.075	0.00004517474282270214
132.15	0.000045014583761326035
132.225	0.00004485455325598932
132.3	0.00004469465415720254
132.375	0.00004453488928768368
132.45	0.00004437526144255419
132.525	0.000044215773389534376
132.6	0.00004405642786913946
132.675	0.00004389722759487424
132.75	0.000043738175253429445
132.825	0.000043579273504875856
132.9	0.00004342052498286013
132.975	0.00004326193229479925
133.05	0.00004310349802207516
133.125	0.00004294522472022958
133.2	0.00004278711491915794
133.275	0.0000426291711233035
133.35	0.000042471395811851645
133.425	0.000042313791438922746
133.5	0.00004215636043376654
133.575	0.00004199910520095437
133.65	0.00004184202812057257
133.725	0.000041685131548415164
133.8	0.000041528417816176066
133.875	0.00004137188923164121
133.95	0.000041215548078880394
134.025	0.00004105939661843879
134.1	0.000040903437087528204
134.175	0.00004074767170021792
134.25	0.000040592102647625345
134.325	0.000040436732098106134
134.4	0.00004028156219744418
134.475	0.00004012659506904147
134.55	0.00003997183281410671
134.625	0.00003981727751184491
134.7	0.000039662931219645165
134.775	0.00003950879597326935
134.85	0.00003935487378703979
134.925	0.000039201166654026326
135.	0.00003904767654623363
135.075	0.00003889440541478758
135.15	0.00003874135519012143
135.225	0.00003858852778216193
135.3	0.000038435925080514016
135.375	0.000038283548954646543
135.45	0.000038131401254075943
135.525	0.00003797948380855088
135.6	0.000037827798428235747
135.675	0.00003767634690389343
135.75	0.000037525131007068784
135.825	0.00003737415249027009
135.9	0.00003722341308715131
135.975	0.000037072914512693316
136.05	0.00003692265846338459
136.125	0.00003677264661740196
136.2	0.00003662288063478993
136.275	0.00003647336215764043
136.35	0.000036324092810271824
136.425	0.000036175074199406756
136.5	0.000036026307914350745
136.575	0.00003587779552716891
136.65	0.00003572953859286329
136.725	0.00003558153864954904
136.8	0.000035433797218630084
136.875	0.00003528631580497467
136.95	0.000035139095897089935
137.025	0.0000349921389672963
137.1	0.00003484544647190112
137.175	0.00003469901985137145
137.25	0.000034552860530507424
137.325	0.000034406969918613546
137.4	0.00003426134940967053
137.475	0.00003411600038250624
137.55	0.00003397092420096583
137.625	0.00003382612221408207
137.7	0.00003368159575624389
137.775	0.000033537346147365424
137.85	0.00003339337469305434
137.925	0.00003324968268477864
138.	0.000033106271400034375
138.075	0.00003296314210251148
138.15	0.0000328202960422596
138.225	0.00003267773445585353
138.3	0.000032535458566557386
138.375	0.00003239346958448893
138.45	0.00003225176870678278
138.525	0.000032110357117753096
138.6	0.00003196923598905599
138.675	0.0000318284064798508
138.75	0.00003168786973696143
138.825	0.00003154762689503629
138.9	0.00003140767907670813
138.975	0.0000312680273927535
139.05	0.00003112867294225071
139.125	0.000030989616812738016
139.2	0.000030850860080370935
139.275	0.00003071240381007852
139.35	0.00003057424905571982
139.425	0.000030436396860238758
139.5	0.000030298848255819413
139.575	0.000030161604264039547
139.65	0.000030024665896024504
139.725	0.000029888034152599994
139.8	0.000029751710024443896
139.875	0.000029615694492238437
139.95	0.0000294799885268206
140.025	0.00002934459308933241
140.1	0.000029209509131371154
140.175	0.000029074737595137413
140.25	0.00002894027941358435
140.325	0.000028806135510564617
140.4	0.000028672306800977753
140.475	0.000028538794190916746
140.55	0.00002840559857781322
140.625	0.000028272720850583007
140.7	0.000028140161889770197
140.775	0.000028007922567691175
140.85	0.000027876003748577622
140.925	0.000027744406288718706
141.	0.000027613131036603353
141.075	0.000027482178833060874
141.15	0.000027351550511401584
141.225	0.000027221246897556808
141.3	0.00002709126881021759
141.375	0.00002696161706097356
141.45	0.000026832292454450346
141.525	0.000026703295788446848
141.6	0.000026574627854071932
141.675	0.000026446289435879646
141.75	0.000026318281312004816
141.825	0.00002619060425429735
141.9	0.000026063259028455705
141.975	0.000025936246394160504
142.05	0.00002580956710520642
142.125	0.00002568322190963429
142.2	0.000025557211549861978
142.275	0.000025431536762814634
142.35	0.00002530619828005483
142.425	0.0000251811968279111
142.5	0.000025056533127606615
142.575	0.000024932207895386566
142.65	0.000024808221842645355
142.725	0.000024684575676052973
142.8	0.000024561270097680232
142.875	0.000024438305805124122
142.95	0.00002431568349163176
143.025	0.000024193403846224098
143.1	0.000024071467553818874
143.175	0.00002394987529535254
143.25	0.000023828627747902016
143.325	0.000023707725584805382
143.4	0.000023587169475782057
143.475	0.000023466960087052335
143.55	0.000023347098081455808
143.625	0.000023227584118569912
143.7	0.0000231084188548268
143.775	0.000022989602943630414
143.85	0.000022871137035472296
143.925	0.000022753021778046784
144.	0.000022635257816366027
144.075	0.000022517845792873274
144.15	0.000022400786347556598
144.225	0.000022284080118061273
144.3	0.000022167727739801397
144.375	0.000022051729846071382
144.45	0.000021936087068156112
144.525	0.000021820800035440583
144.6	0.000021705869375519413
144.675	0.000021591295714304596
144.75	0.000021477079676133642
144.825	0.000021363221883876034
144.9	0.00002124972295903982
144.975	0.000021136583521877094
145.05	0.000021023804191488574
145.125	0.000020911385585928123
145.2	0.000020799328322305814
145.275	0.000020687633016890723
145.35	0.00002057630028521313
145.425	0.00002046533074216563
145.5	0.000020354725002103737
145.575	0.000020244483678945916
145.65	0.000020134607386272453
145.725	0.000020025096737424412
145.8	0.000019915952345600765
145.875	0.00001980717482395604
145.95	0.00001969876478569625
146.025	0.000019590722844174586
146.1	0.000019483049612986486
146.175	0.000019375745706063542
146.25	0.000019268811737767324
146.325	0.000019162248322981732
146.4	0.00001905605607720526
146.475	0.00001895023561664236
146.55	0.000018844787558293812
146.625	0.000018739712520046766
146.7	0.000018635011120763893
146.775	0.000018530683980371527
146.85	0.000018426731719947884
146.925	0.000018323154961809346
147.	0.00001821995432959744
147.075	0.000018117130448363655
147.15	0.00001801468394465467
147.225	0.00001791261544659631
147.3	0.000017810925583976597
147.375	0.000017709614988328782
147.45	0.000017608684293012792
147.525	0.000017508134133296385
147.6	0.00001740796514643585
147.675	0.00001730817797175508
147.75	0.000017208773250725008
147.825	0.000017109751627041316
147.9	0.00001701111374670196
147.975	0.000016912860258083955
148.05	0.000016814991812019034
148.125	0.000016717509061869023
148.2	0.000016620412663599994
148.275	0.00001652370327585607
148.35	0.000016427381560032312
148.425	0.000016331448180346605
148.5	0.000016235903803911448
148.575	0.000016140749100804077
148.65	0.00001604598474413661
148.725	0.00001595161141012517
148.8	0.00001585762977815783
148.875	0.000015764040530862632
148.95	0.0000156708443541739
149.025	0.000015578041937398513
149.1	0.000015485633973281124
149.175	0.000015393621158068364
149.25	0.000015302004191572792
149.325	0.000015210783777235571
149.4	0.00001511996062218861
149.475	0.000015029535437315982
149.55	0.000014939508937314195
149.625	0.000014849881840752248
149.7	0.000014760654870130221
149.775	0.000014671828751937563
149.85	0.000014583404216710638
149.925	0.000014495381999088771
150.	0.000014407762837870501