0.	0
0.075	0
0.15	0
0.225	0
0.3	0
0.375	0
0.45	0
0.525	0
0.6	0
0.675	0
0.75	0
0.825	0
0.9	0
0.975	0
1.05	0
1.125	0
1.2	0
1.275	0
1.35	0
1.425	0
1.5	0
1.575	0
1.65	0
1.725	0
1.8	0
1.875	0
1.95	0
2.025	0
2.1	0
2.175	0
2.25	0
2.325	0
2.4	0
2.475	0
2.55	0
2.625	0
2.7	0
2.775	0
2.85	0
2.925	0
3.	0
3.075	0
3.15	0
3.225	0
3.3	0
3.375	0
3.45	0
3.525	0
3.6	0
3.675	0
3.75	0
3.825	0
3.9	0
3.975	0
4.05	0
4.125	0
4.2	0
4.275	0
4.35	0
4.425	0
4.5	0
4.575	0
4.65	0
4.725	0
4.8	0
4.875	0
4.95	0
5.025	0
5.1	0
5.175	0
5.25	0
5.325	0
5.4	0
5.475	0
5.55	0
5.625	0
5.7	0.08315063569511329
5.775	0.08285144730495465
5.85	0.08255123667982281
5.925	0.08225002827447894
6.	0.08194784642498348
6.075	0.08164471534746805
6.15	0.08134065913693057
6.225	0.08103570176605338
6.3	0.08072986708404559
6.375	0.08042317881550796
6.45	0.08011566055932066
6.525	0.07980733578755496
6.6	0.07949822784440723
6.675	0.0791883599451561
6.75	0.0788777551751426
6.825	0.0785664364887726
6.9	0.07825442670854237
6.975	0.0779417485240867
7.05	0.07762842449124907
7.125	0.07731447703117503
7.2	0.07699992842942688
7.275	0.0766848008351215
7.35	0.07636911626008967
7.425	0.07605289657805762
7.5	0.07573616352385076
7.575	0.07541893869261868
7.65	0.07510124353908244
7.725	0.07478309937680297
7.8	0.07446452737747114
7.875	0.07414554857021959
7.95	0.07382618384095463
8.025	0.0735064539317114
8.1	0.07318637944002777
8.175	0.07286598081834025
8.25	0.07254527837340108
8.325	0.0722242922657155
8.4	0.071903042508999
8.475	0.07158154896965618
8.55	0.07125983136627909
8.625	0.07093790926916581
8.7	0.07061580209985933
8.775	0.07029352913070666
8.85	0.06997110948443627
8.925	0.06964856213375678
9.	0.06932590590097455
9.075	0.06900315945763046
9.15	0.06868034132415615
9.225	0.06835746986954884
9.3	0.0680345633110661
9.375	0.06771163971393836
9.45	0.06738871699110086
9.525	0.06706581290294332
9.6	0.06674294505707927
9.675	0.06642013090813167
9.75	0.06609738775753851
9.825	0.06577473275337528
9.9	0.06545218289019564
9.975	0.06512975500888896
10.05	0.06480746579655661
10.125	0.06448533178640428
10.2	0.06416336935765266
10.275	0.06384159473546365
10.35	0.06352002399088548
10.425	0.06319867304081185
10.5	0.06287755764796038
10.575	0.06255669342086581
10.65	0.06223609581388938
10.725	0.061915780127245225
10.8	0.061595761507041775
10.875	0.06127605494533951
10.95	0.060956675280224054
11.025	0.06063763719589461
11.1	0.06031895522276785
11.175	0.06000064373759694
11.25	0.05968271696360539
11.325	0.059365188970635405
11.4	0.05904807367531189
11.475	0.0587313848412196
11.55	0.058415136079095126
11.625	0.05809934084703364
11.7	0.05778401245070875
11.775	0.05746916404360638
11.85	0.057154808627272284
11.925	0.05684095905157378
12.	0.05652762801497312
12.075	0.05621482806481596
12.15	0.05590257159763148
12.225	0.05559087085944559
12.3	0.05527973794610742
12.375	0.054969184803627315
12.45	0.054659223228527926
12.525	0.054349864868207316
12.6	0.05404112122131346
12.675	0.05373300363813165
12.75	0.05342552332098236
12.825	0.05311869132463184
12.9	0.052812518556712984
12.975	0.052507015778158056
13.05	0.052202193603642075
13.125	0.05189806250203708
13.2	0.05159463279687752
13.275	0.051291914666835386
13.35	0.0509899181462063
13.425	0.050688653125405735
13.5	0.05038812935147482
13.575	0.05008835642859683
13.65	0.049789343818622336
13.725	0.04949110084160494
13.8	0.04919363667634563
13.875	0.048896960360946894
13.95	0.04860108079337539
14.025	0.04830600673203391
14.1	0.048011746796342195
14.175	0.04771830946732584
14.25	0.04742570308821385
14.325	0.04713393586504488
14.4	0.04684301586728097
14.475	0.04655295102842974
14.55	0.0462637491466739
14.625	0.04597541788550866
14.7	0.045687964774387226
14.775	0.04540139720937258
14.85	0.04511572245379658
14.925	0.04483094763892749
15.	0.044547079764642464
15.075	0.04426412570010807
15.15	0.043982092184466796
15.225	0.043700985827530556
15.3	0.043420813110479614
15.375	0.04314158038656836
15.45	0.042863293881837156
15.525	0.0425859596958293
15.6	0.04230958380231414
15.675	0.04203417205001606
15.75	0.04175973016334826
15.825	0.041486263743152056
15.9	0.041213778267441506
15.975	0.0409422790921527
16.05	0.04067177145189797
16.125	0.040402260460725044
16.2	0.04013375111288032
16.275	0.039866248283576974
16.35	0.03959975672976718
16.425	0.03933428109091844
16.5	0.03906982588979383
16.575	0.03880639553323684
16.65	0.038543994312958414
16.725	0.03828262640632969
16.8	0.038022295877176204
16.875	0.03776300667657681
16.95	0.03750476264366545
17.025	0.037247567506435514
17.1	0.03699142488254788
17.175	0.03673633828014162
17.25	0.03648231109864691
17.325	0.03622934662960119
17.4	0.035977448057467463
17.475	0.03572661846045509
17.55	0.03547686081134228
17.625	0.03522817797830164
17.7	0.03498057272572697
17.775	0.03473404771506193
17.85	0.03448860550563079
17.925	0.03424424855547093
18.	0.03400097922216612
18.075	0.033758799763681756
18.15	0.03351771233920165
18.225	0.033277719009965345
18.3	0.03303882174010686
18.375	0.03280102239749413
18.45	0.03256432275456987
18.525	0.03232872448919257
18.6	0.03209422918547814
18.675	0.03186083833464267
18.75	0.031628553335845015
18.825	0.03139737549702988
18.9	0.031167306035771246
18.975	0.030938346080115826
19.05	0.030710496669426407
19.125	0.03048375875522544
19.2	0.0302581332020379
19.275	0.03003362078823471
19.35	0.02981022220687485
19.425	0.02958793806654771
19.5	0.029366768892214498
19.575	0.029146715126049313
19.65	0.02892777712827898
19.725	0.028709955178022623
19.8	0.028493249474130063
19.875	0.028277660136019036
19.95	0.02806318720451166
20.025	0.027849830642669528
20.1	0.02763759033662735
20.175	0.02742646609642588
20.25	0.02721645765684265
20.325	0.027007564678221754
20.4	0.026799786747301768
20.475	0.02659312337804206
20.55	0.02638757401244753
20.625	0.026183138021391092
20.7	0.025979814705434933
20.775	0.025777603295649168
20.85	0.025576502954428825
20.925	0.025376512776308435
21.	0.025177631788774857
21.075	0.024979858953077527
21.15	0.024783193165036334
21.225	0.02458763325584747
21.3	0.02439317799288638
21.375	0.02419982608050852
21.45	0.02400757616084742
21.525	0.02381642681461022
21.6	0.023626376561869968
21.675	0.02343742386285615
21.75	0.023249567118741345
21.825	0.023062804672425673
21.9	0.022877134809317988
21.975	0.022692555758114238
22.05	0.02250906569157263
22.125	0.0223266627272857
22.2	0.022145344928449415
22.275	0.021965110304628735
22.35	0.021785956812520157
22.425	0.021607882356710965
22.5	0.021430884790434666
22.575	0.021254961916323707
22.65	0.02108011148715829
22.725	0.020906331206611548
22.8	0.020733618729991583
22.875	0.020561971664979663
22.95	0.020391387572364725
23.025	0.020221863966774327
23.1	0.020053398317401803
23.175	0.0198859880487297
23.25	0.019719630541249342
23.325	0.01955432313217662
23.4	0.0193900631161637
23.475	0.01922684774600733
23.55	0.019064674233352365
23.625	0.01890353974939224
23.7	0.01874344142556453
23.775	0.018584376354243273
23.85	0.01842634158942644
23.925	0.01826933414742002
24.	0.01811335100751719
24.075	0.01795838911267407
24.15	0.01780444537018076
24.225	0.017651516652328173
24.3	0.017499599797071077
24.375	0.01734869160868609
24.45	0.01719878885842595
24.525	0.017049888285169533
24.6	0.016901986596066718
24.675	0.01675508046717997
24.75	0.01660916654412058
24.825	0.01646424144268103
24.9	0.016320301749462737
24.975	0.016177344022499367
25.05	0.016035364791875586
25.125	0.01589436056034148
25.2	0.01575432780392231
25.275	0.015615262972523839
25.35	0.015477162490532985
25.425	0.01534002275741422
25.5	0.0152038401483009
25.575	0.015068611014582501
25.65	0.014934331684486993
25.725	0.014800998463658665
25.8	0.014668607635731364
25.875	0.014537155462897022
25.95	0.014406638186469712
26.025	0.014277052027444866
26.1	0.014148393187053864
26.175	0.014020657847314311
26.25	0.013893842171575018
26.325	0.013767942305056891
26.4	0.013642954375388826
26.475	0.013518874493139056
26.55	0.013395698752341735
26.625	0.013273423231018877
26.7	0.013152043991697655
26.775	0.013031557081922919
26.85	0.012911958534765039
26.925	0.012793244369323154
27.	0.01267541059122351
27.075	0.012558453193113436
27.15	0.012442368155150334
27.225	0.012327151445486087
27.3	0.012212799020746875
27.375	0.012099306826508126
27.45	0.011986670797764937
27.525	0.011874886859397764
27.6	0.011763950926633446
27.675	0.011653858905501586
27.75	0.011544606693286266
27.825	0.011436190178972986
27.9	0.011328605243691243
27.975	0.011221847761152245
28.05	0.011115913598081933
28.125	0.011010798614649688
28.2	0.01090649866489213
28.275	0.010803009597132459
28.35	0.010700327254395122
28.425	0.010598447474816065
28.5	0.010497366092048106
28.575	0.010397078935662087
28.65	0.010297581831543277
28.725	0.010198870602283288
28.8	0.010100941067567405
28.875	0.010003789044557515
28.95	0.00990741034827056
29.025	0.009811800791952239
29.1	0.009716956187446543
29.175	0.009622872345560841
29.25	0.009529545076426118
29.325	0.009436970189853322
29.4	0.009345143495684953
29.475	0.00925406080414233
29.55	0.009163717926168616
29.625	0.009074110673767226
29.7	0.008985234860336144
29.775	0.008897086300997791
29.85	0.008809660812924574
29.925	0.008722954215660201
30.	0.008636962331436616
30.075	0.008551680985486873
30.15	0.008467106006353607
30.225	0.008383233226193276
30.3	0.008300058481076414
30.375	0.008217577611283387
30.45	0.008135786461596342
30.525	0.008054680881586744
30.6	0.007974256725898956
30.675	0.007894509854529629
30.75	0.007815436133103084
30.825	0.007737031433142622
30.9	0.0076592916323378
30.975	0.007582212614807717
31.05	0.007505790271360257
31.125	0.00743002049974743
31.2	0.007354899204916762
31.275	0.0072804222992587314
31.35	0.007206585702850358
31.425	0.007133385343694849
31.5	0.007060817157957484
31.575	0.006988877090197635
31.65	0.006917561093596924
31.725	0.006846865130183676
31.8	0.006776785171053684
31.875	0.006707317196586999
31.95	0.006638457196661316
32.025	0.006570201170861452
32.1	0.006502545128685284
32.175	0.00643548508974601
32.25	0.00636901708397082
32.325	0.0063031371517959685
32.4	0.006237841344358328
32.475	0.006173125723683293
32.55	0.006108986362869421
32.625	0.006045419346269243
32.7	0.005982420769667016
32.775	0.005919986740452676
32.85	0.005858113377792635
32.925	0.0057967968127971056
33.	0.005736033188684059
33.075	0.005675818660939917
33.15	0.005616149397476902
33.225	0.005557021578787069
33.3	0.005498431398093227
33.375	0.005440375061496451
33.45	0.0053828487881205775
33.525	0.005325848810253452
33.6	0.00526937137348495
33.675	0.005213412736842055
33.75	0.005157969172920706
33.825	0.005103036968014641
33.9	0.005048612422241256
33.975	0.00499469184966424
34.05	0.004941271578413576
34.125	0.004888347950802208
34.2	0.004835917323440107
34.275	0.0047839760673451725
34.35	0.004732520568051412
34.425	0.004681547225714262
34.5	0.004631052455212977
34.575	0.004581032686250339
34.65	0.004531484363449548
34.725	0.004482403946448362
34.8	0.004433787909990553
34.875	0.004385632744014596
34.95	0.004337934953739799
35.025	0.004290691059749745
35.1	0.004243897598073058
35.175	0.004197551120261723
35.25	0.004151648193466714
35.325	0.0041061854005111885
35.4	0.004061159339961098
35.475	0.004016566626193408
35.55	0.003972403889461736
35.625	0.003928667775959717
35.7	0.0038853549478818465
35.775	0.0038424620834820226
35.85	0.0037999858771296754
35.925	0.0037579230393636172
36.	0.0037162702969436227
36.075	0.0036750243928996558
36.15	0.003634182086578939
36.225	0.003593740153690693
36.3	0.00355369538634886
36.375	0.003514044593112427
36.45	0.003474784599023837
36.525	0.0034359122456451025
36.6	0.0033974243910918894
36.675	0.00335931791006564
36.75	0.0033215896938834245
36.825	0.0032842366505059896
36.9	0.0032472557045637143
36.975	0.003210643797380597
37.05	0.0031743978869963312
37.125	0.0031385149481864432
37.2	0.0031029919724805477
37.275	0.00306782596817872
37.35	0.0030330139603660343
37.425	0.0029985529909252583
37.5	0.002964440118547807
37.575	0.0029306724187428373
37.65	0.002897246983844683
37.725	0.0028641609230185164
37.8	0.0028314113622642544
37.875	0.0027989954444189395
37.95	0.002766910329157294
38.025	0.0027351531929907576
38.1	0.0027037212292648563
38.175	0.0026726116481550297
38.25	0.0026418216766608393
38.325	0.002611348558598687
38.4	0.002581189554593008
38.475	0.002551341942065936
38.55	0.00252180301522552
38.625	0.0024925700850524806
38.7	0.0024636404792855652
38.775	0.002435011542405443
38.85	0.0024066806356172763
38.925	0.00237864513683188
39.	0.0023509024406455233
39.075	0.002323449958318517
39.15	0.002296285117752365
39.225	0.0022694053634657197
39.3	0.0022428081565690557
39.375	0.002216490974738112
39.45	0.002190451312186127
39.525	0.002164686679634844
39.6	0.0021391946042843705
39.675	0.002113972629781883
39.75	0.0020890183161891966
39.825	0.0020643292399491866
39.9	0.0020399029938511603
39.975	0.0020157371869951152
40.05	0.0019918294447549808
40.125	0.0019681774087407693
40.2	0.0019447787367597655
40.275	0.0019216311027766906
40.35	0.001898732196872849
40.425	0.0018760797252044084
40.5	0.001853671409959629
40.575	0.0018315049893152526
40.65	0.0018095782173919227
40.725	0.0017878888642087673
40.8	0.0017664347156370842
40.875	0.001745213573353159
40.95	0.001724223254790305
41.025	0.0017034615930900142
41.1	0.0016829264370523504
41.175	0.0016626156510855643
41.25	0.001642527115154919
41.325	0.0016226587247307744
41.4	0.001603008390735944
41.475	0.0015835740394923347
41.55	0.0015643536126668895
41.625	0.0015453450672168365
41.7	0.0015265463753342757
41.775	0.0015079555243901277
41.85	0.0014895705168774147
41.925	0.0014713893703539693
42.	0.0014534101173844863
42.075	0.0014356308054820357
42.15	0.0014180494970489398
42.225	0.0014006642693171712
42.3	0.0013834732142881353
42.375	0.001366474438671958
42.45	0.0013496660638262661
42.525	0.001333046225694425
42.6	0.0013166130747433438
42.675	0.0013003647759007781
42.75	0.0012842995084921627
42.825	0.0012684154661770349
42.9	0.0012527108568850013
42.975	0.0012371839027512943
43.05	0.0012218328400519219
43.125	0.0012066559191384301
43.2	0.0011916514043722915
43.275	0.001176817574058912
43.35	0.0011621527203813126
43.425	0.0011476551493334393
43.5	0.0011333231806531661
43.575	0.0011191551477549935
43.65	0.001105149397662416
43.725	0.0010913042909400045
43.8	0.0010776182016252365
43.875	0.0010640895171600282
43.95	0.0010507166383220245
44.025	0.0010374979791556464
44.1	0.0010244319669028958
44.175	0.0010115170419339467
44.25	0.0009987516576775235
44.325	0.000986134280551083
44.4	0.0009736633898907922
44.475	0.000961337477881348
44.55	0.0009491550494856073
44.625	0.0009371146223740828
44.7	0.0009252147268542674
44.775	0.00091345390579984
44.85	0.0009018307145797257
44.925	0.0008903437209870498
45.	0.0008789915051679816
45.075	0.0008677726595504741
45.15	0.000856685788772922
45.225	0.0008457295096127235
45.3	0.0008349024509147977
45.375	0.0008242032535199959
45.45	0.0008136305701935173
45.525	0.0008031830655532251
45.6	0.0007928594159979512
45.675	0.0007826583096357834
45.75	0.0007725784462123044
45.825	0.0007626185370388436
45.9	0.0007527773049207132
45.975	0.0007430534840854449
46.05	0.0007334458201110643
46.125	0.0007239530698543383
46.2	0.0007145740013791035
46.275	0.0007053073938845895
46.35	0.0006961520376337953
46.425	0.0006871067338819322
46.5	0.0006781702948048917
46.575	0.00066934154342781
46.65	0.0006606193135536756
46.725	0.0006520024496920305
46.8	0.0006434898069877442
46.875	0.0006350802511498864
46.95	0.0006267726583806941
47.025	0.0006185659153046391
47.1	0.0006104589188976027
47.175	0.0006024505764161678
47.25	0.0005945398053270376
47.325	0.0005867255332365698
47.4	0.0005790066978204545
47.475	0.0005713822467535159
47.55	0.0005638511376396788
47.625	0.0005564123379420592
47.7	0.0005490648249132299
47.775	0.0005418075855256382
47.85	0.0005346396164021823
47.925	0.0005275599237469649
48.	0.0005205675232762255
48.075	0.0005136614401494334
48.15	0.00050684070890059
48.225	0.0005001043733696981
48.3	0.0004934514866344408
48.375	0.00048688111094204016
48.45	0.0004803923176413423
48.525	0.00047398418711508265
48.6	0.0004676558087123768
48.675	0.0004614062806814285
48.75	0.0004552347101024419
48.825	0.0004491402128207688
48.9	0.00044312191338027277
48.975	0.0004371789449569344
49.05	0.0004313104492926743
49.125	0.00042551557662942667
49.2	0.0004197934856434461
49.275	0.0004141433433798587
49.35	0.00040856432518745995
49.425	0.0004030556146537655
49.5	0.0003976164035403096
49.575	0.00039224589171820383
49.65	0.0003869432871039583
49.725	0.00038170780559554926
49.8	0.00037653867100877214
49.875	0.0003714351150138472
49.95	0.0003663963770722981
50.025	0.0003614217043741119
50.1	0.0003565103517751547
50.175	0.00035166158173488907
50.25	0.00034687466425434874
50.325	0.00034214887681440994
50.4	0.00033748350431434166
50.475	0.00033287783901064067
50.55	0.00032833118045615665
50.625	0.0003238428354395075
50.7	0.00031941211792478656
50.775	0.0003150383489915659
50.85	0.0003107208567751876
50.925	0.0003064589764073635
51.	0.0003022520499570658
51.075	0.0002980994263717183
51.15	0.0002940004614186992
51.225	0.0002899545176271341
51.3	0.00028596096423000376
51.375	0.00028201917710655246
51.45	0.0002781285387250083
51.525	0.00027428843808561203
51.6	0.00027049827066394756
51.675	0.0002667574383545977
51.75	0.0002630653494150988
51.825	0.0002594214184102146
51.9	0.00025582506615652676
51.975	0.00025227571966733266
52.05	0.0002487728120978644
52.125	0.0002453157826908236
52.2	0.00024190407672223136
52.275	0.00023853714544759866
52.35	0.00023521444604840945
52.425	0.0002319354415789346
52.5	0.00022869960091335018
52.575	0.00022550639869318737
52.65	0.00022235531527509768
52.725	0.00021924583667894048
52.8	0.0002161774545361903
52.875	0.00021314966603866567
52.95	0.00021016197388758285
53.025	0.00020721388624292628
53.1	0.0002043049166731453
53.175	0.00020143458410516903
53.25	0.00019860241277474752
53.325	0.00019580793217711308
53.4	0.00019305067701796193
53.475	0.000190330187164763
53.55	0.00018764600759838267
53.625	0.00018499768836503674
53.7	0.0001823847845285603
53.775	0.0001798068561230023
53.85	0.00017726346810553755
53.925	0.0001747541903097063
54.	0.00017227859739896354
54.075	0.00016983626882056342
54.15	0.00016742678875975115
54.225	0.00016504974609427776
54.3	0.00016270473434924039
54.375	0.00016039135165223217
54.45	0.00015810920068881626
54.525	0.00015585788865831655
54.6	0.0001536370272299206
54.675	0.00015144623249910969
54.75	0.00014928512494439118
54.825	0.00014715332938435843
54.9	0.0001450504749350583
54.975	0.00014297619496767247
55.05	0.000140930127066516
55.125	0.00013891191298734458
55.2	0.0001369211986159743
55.275	0.00013495763392721476
55.35	0.00013302087294410548
55.425	0.00013111057369747132
55.5	0.0001292263981857753
55.575	0.0001273680123352873
55.65	0.00012553508596055462
55.725	0.00012372729272517907
55.8	0.00012194431010289946
55.875	0.00012018581933897471
55.95	0.00011845150541187375
56.025	0.00011674105699526319
56.1	0.00011505416642029653
56.175	0.00011339052963820405
56.25	0.00011174984618317776
56.325	0.00011013181913555754
56.4	0.0001085361550853101
56.475	0.00010696256409580338
56.55	0.00010541075966787694
56.625	0.00010388045870420186
56.7	0.00010237138147393264
56.775	0.00010088325157765235
56.85	0.00009941579591260226
56.925	0.0000979687446382021
57.	0.00009654183114185553
57.075	0.00009513479200504155
57.15	0.00009374736696969054
57.225	0.00009237929890483939
57.3	0.00009103033377357407
57.375	0.0000897002206002459
57.45	0.00008838871143797119
57.525	0.00008709556133640621
57.6	0.00008582052830979813
57.675	0.0000845633733053126
57.75	0.0000833238601716311
57.825	0.00008210175562782553
57.9	0.00008089682923249684
57.975	0.00007970885335318959
58.05	0.00007853760313607003
58.125	0.00007738285647587041
58.2	0.00007624439398610304
58.275	0.00007512199896953055
58.35	0.00007401545738890598
58.425	0.0000729245578379676
58.5	0.00007184909151269656
58.575	0.00007078885218283098
58.65	0.00006974363616363686
58.725	0.00006871324228793355
58.8	0.00006769747187837257
58.875	0.00006669612871996989
58.95	0.0000657090190328869
59.025	0.00006473595144546046
59.1	0.00006377673696748257
59.175	0.00006283118896372415
59.25	0.00006189912312770328
59.325	0.000060980357455698635
59.4	0.000060074712221002153
59.475	0.000059182009948412445
59.55	0.00005830207538896863
59.625	0.000057434735494917777
59.7	0.00005657981939492161
59.775	0.000055737158369494295
59.85	0.00005490658582667475
59.925	0.000054087937277929056
60.	0.00005328105031428232
60.075	0.00005248576458267946
60.15	0.00005170192176257137
60.225	0.000050929365542726764
60.3	0.00005016794159826755
60.375	0.00004941749756792504
60.45	0.00004867788303151855
60.525	0.00004794894948765097
60.6	0.000047230550331623324
60.675	0.00004652254083356358
60.75	0.000045824778116771666
60.825	0.00004513712113627567
60.9	0.00004445943065760058
60.975	0.00004379156923574619
61.05	0.00004313340119437408
61.125	0.000042484792605199845
61.2	0.000041845611267592766
61.275	0.000041215726688378035
61.35	0.00004059501006184085
61.425	0.00003998333424993299
61.5	0.000039380573762676875
61.575	0.000038786604738768994
61.65	0.00003820130492637853
61.725	0.00003762455366414129
61.8	0.000037056231862347944
61.875	0.00003649622198432194
61.95	0.000035944408027990166
62.025	0.00003540067550764123
62.1	0.0000348649114358716
62.175	0.000034337004305717926
62.25	0.00003381684407297326
62.325	0.000033304322138687665
62.4	0.00003279933133184898
62.475	0.00003230176589224492
62.55	0.00003181152145350332
62.625	0.00003132849502631015
62.7	0.00003085258498180285
62.775	0.000030383691035139173
62.85	0.000029921714229237026
62.925	0.000029466556918689176
63.	0.00002901812275384472
63.075	0.000028576316665061718
63.15	0.00002814104484712635
63.225	0.000027712214743838005
63.3	0.000027289735032759456
63.375	0.00002687351561012961
63.45	0.000026463467575938865
63.525	0.00002605950321916436
63.6	0.00002566153600316467
63.675	0.000025269480551231943
63.75	0.000024883252632300803
63.825	0.000024502769146812088
63.9	0.000024127948112730332
63.975	0.000023758708651713277
64.05	0.00002339497097543333
64.125	0.000023036656372047508
64.2	0.000022683687192816854
64.275	0.00002233598683887222
64.35	0.00002199347974812632
64.425	0.00002165609138232949
64.5	0.000021323748214269776
64.575	0.00002099637771511398
64.65	0.00002067390834188944
64.725	0.00002035626952510598
64.8	0.000020043391656514343
64.875	0.00001973520607700348
64.95	0.00001943164506463159
65.025	0.000019132641822792537
65.1	0.000018838130468514998
65.175	0.00001854804602089358
65.25	0.00001826232438965043
65.325	0.00001798090236382659
65.4	0.00001770371760060111
65.475	0.0000174307086142375
65.55	0.00001716181476515585
65.625	0.00001689697624912989
65.7	0.000016636134086606775
65.775	0.000016379230112150174
65.85	0.000016126206964003476
65.925	0.000015877008073773587
66.	0.000015631577656233326
66.075	0.000015389860699241565
66.15	0.000015151802953779668
66.225	0.000014917350924103576
66.3	0.000014686451858010088
66.375	0.000014459053737216222
66.45	0.000014235105267850807
66.525	0.000014014555871056906
66.6	0.000013797355673703965
66.675	0.000013583455499209072
66.75	0.000013372806858465798
66.825	0.000013165361940879508
66.9	0.000012961073605508312
66.975	0.000012759895372308845
67.05	0.000012561781413484925
67.125	0.000012366686544939356
67.2	0.000012174566217826385
67.275	0.000011985376510205337
67.35	0.0000117990741187928
67.425	0.000011615616350813698
67.5	0.000011434961115949727
67.575	0.0000112570669183838
67.65	0.000011081892848939967
67.725	0.000010909398577318077
67.8	0.000010739544344421397
67.875	0.00001057229095477677
67.95	0.000010407599769046647
68.025	0.000010245432696631073
68.1	0.000010085752188359812
68.175	9.928521229272588e-6
68.25	9.773703331487768e-6
68.325	9.62126252715709e-6
68.4	9.47116336150681e-6
68.475	9.323370885963768e-6
68.55	9.177850651365291e-6
68.625	9.034568701252574e-6
68.7	8.893491565246308e-6
68.775	8.75458625250356e-6
68.85	8.617820245255595e-6
68.925	8.483161492425006e-6
69.	8.350578403321925e-6
69.075	8.22003984141824e-6
69.15	8.091515118198777e-6
69.225	7.964973987089158e-6
69.3	7.840386637458574e-6
69.375	7.717723688698004e-6
69.45	7.596956184371562e-6
69.525	7.4780555864413474e-6
69.6	7.360993769564419e-6
69.675	7.245743015461104e-6
69.75	7.132276007354292e-6
69.825	7.0205658244782076e-6
69.9	6.910585936656696e-6
69.975	6.802310198949537e-6
70.05	6.695712846366614e-6
70.125	6.590768488648754e-6
70.2	6.487452105114746e-6
70.275	6.3857390395736645e-6
70.35	6.285604995301902e-6
70.425	6.187026030083896e-6
70.5	6.089978551316386e-6
70.575	5.994439311174768e-6
70.65	5.900385401841399e-6
70.725	5.807794250795042e-6
70.8	5.716643616160372e-6
70.875	5.626911582117491e-6
70.95	5.538576554370299e-6
71.025	5.4516172556731405e-6
71.1	5.366012721415187e-6
71.175	5.281742295261676e-6
71.25	5.198785624851822e-6
71.325	5.117122657551999e-6
71.4	5.036733636264161e-6
71.475	4.95759909528882e-6
71.55	4.879699856241367e-6
71.625	4.803017024022128e-6
71.7	4.7275319828384265e-6
71.775	4.653226392278872e-6
71.85	4.580082183438862e-6
71.925	4.508081555096755e-6
72.	4.43720696994024e-6
72.075	4.367441150842208e-6
72.15	4.298767077185504e-6
72.225	4.231167981236132e-6
72.3	4.164627344564165e-6
72.375	4.0991288945119444e-6
72.45	4.034656600708901e-6
72.525	3.9711946716325126e-6
72.6	3.908727551214832e-6
72.675	3.847239915493853e-6
72.75	3.7867166693097353e-6
72.825	3.727142943044507e-6
72.9	3.6685040894055217e-6
72.975	3.6107856802516877e-6
73.05	3.553973503461966e-6
73.125	3.498053559845941e-6
73.2	3.4430120600955792e-6
73.275	3.3888354217778665e-6
73.35	3.335510266367915e-6
73.425	3.283023416321687e-6
73.5	3.231361892188396e-6
73.575	3.180512909761632e-6
73.65	3.1304638772688356e-6
73.725	3.081202392598952e-6
73.8	3.0327162405673103e-6
73.875	2.984993390217772e-6
73.95	2.9380219921612126e-6
74.025	2.8917903759503044e-6
74.1	2.8462870474898238e-6
74.175	2.8015006864822797e-6
74.25	2.75742014390829e-6
74.325	2.7140344395413217e-6
74.4	2.6713327594963614e-6
74.475	2.6293044538120513e-6
74.55	2.5879390340659493e-6
74.625	2.547226171022518e-6
74.7	2.507155692313222e-6
74.775	2.4677175801485826e-6
74.85	2.428901969061744e-6
74.925	2.3906991436829214e-6
75.	2.353099536544727e-6
75.075	2.3160937259175677e-6
75.15	2.2796724336751257e-6
75.225	2.243826523189238e-6
75.3	2.2085469972539106e-6
75.375	2.1738249960381913e-6
75.45	2.139651795067389e-6
75.525	2.106018803232308e-6
75.6	2.072917562104563e-6
75.675	2.0403397647307646e-6
75.75	2.008277248605184e-6
75.825	1.976721974581215e-6
75.9	1.945666024516739e-6
75.975	1.915101599570446e-6
76.05	1.8850210185193243e-6
76.125	1.8554167160972296e-6
76.2	1.8262812413542264e-6
76.275	1.7976072560365556e-6
76.35	1.7693875329870488e-6
76.425	1.7416149545656996e-6
76.5	1.714282511090328e-6
76.575	1.6873832992970017e-6
76.65	1.6609105208201042e-6
76.725	1.6348574806918348e-6
76.8	1.6092175858608937e-6
76.875	1.5839843437302778e-6
76.95	1.5591513607138228e-6
77.025	1.5347123408114387e-6
77.1	1.5106610842027992e-6
77.175	1.4869914858592616e-6
77.25	1.4636975341738724e-6
77.325	1.4407733096092364e-6
77.4	1.4182129833630832e-6
77.475	1.3960108160513354e-6
77.55	1.3741611564084446e-6
77.625	1.3526584400049263e-6
77.7	1.3314971879817795e-6
77.775	1.3106720058016671e-6
77.85	1.2901775820166981e-6
77.925	1.270008687052542e-6
78.	1.2501601720088397e-6
78.075	1.2306269674755546e-6
78.15	1.2114040823652422e-6
78.225	1.192486602760952e-6
78.3	1.1738696907796312e-6
78.375	1.155548583450902e-6
78.45	1.1375185916109053e-6
78.525	1.1197750988111924e-6
78.6	1.102313560242382e-6
78.675	1.0851295016724618e-6
78.75	1.0682185183995703e-6
78.825	1.0515762742190634e-6
78.9	1.0351985004047163e-6
78.975	1.0190809947038882e-6
79.05	1.0032196203465053e-6
79.125	9.876103050676727e-7
79.2	9.722490401437773e-7
79.275	9.57131879441892e-7
79.35	9.422549384823732e-7
79.425	9.276143935144176e-7
79.5	9.132064806045249e-7
79.575	8.990274947375998e-7
79.65	8.850737889306393e-7
79.725	8.713417733587678e-7
79.8	8.578279144935388e-7
79.875	8.445287342533234e-7
79.95	8.314408091656263e-7
80.025	8.185607695411961e-7
80.1	8.058852986598045e-7
80.175	7.934111319674958e-7
80.25	7.811350562852242e-7
80.325	7.690539090287116e-7
80.4	7.571645774393569e-7
80.475	7.454639978261298e-7
80.55	7.339491548182108e-7
80.625	7.226170806283579e-7
80.7	7.114648543267639e-7
80.775	7.004896011253366e-7
80.85	6.896884916722111e-7
80.925	6.79058741356446e-7
81.	6.685976096226773e-7
81.075	6.583023992956913e-7
81.15	6.481704559147053e-7
81.225	6.381991670773018e-7
81.3	6.283859617928545e-7
81.375	6.187283098453226e-7
81.45	6.092237211653125e-7
81.525	5.998697452112527e-7
81.6	5.906639703596111e-7
81.675	5.816040233039623e-7
81.75	5.726875684628901e-7
81.825	5.639123073965059e-7
81.9	5.552759782315341e-7
81.975	5.467763550948391e-7
82.05	5.384112475552454e-7
82.125	5.301785000736055e-7
82.2	5.220759914609545e-7
82.275	5.141016343446369e-7
82.35	5.062533746423623e-7
82.425	4.985291910439996e-7
82.5	4.909270945010748e-7
82.575	4.834451277238213e-7
82.65	4.76081364685714e-7
82.725	4.6883391013535723e-7
82.8	4.617008991156496e-7
82.875	4.546804964901122e-7
82.95	4.4777089647628606e-7
83.025	4.4097032218610205e-7
83.1	4.3427702517314074e-7
83.175	4.2768928498664784e-7
83.25	4.2120540873226556e-7
83.325	4.1482373063935003e-7
83.4	4.0854261163479193e-7
83.475	4.0236043892325465e-7
83.55	3.9627562557373513e-7
83.625	3.902866101123751e-7
83.7	3.84391856121403e-7
83.775	3.785898518441613e-7
83.85	3.7287910979609586e-7
83.925	3.672581663816478e-7
84.	3.617255815169684e-7
84.075	3.5627993825834695e-7
84.15	3.5091984243630104e-7
84.225	3.456439222952351e-7
84.3	3.404508281385775e-7
84.375	3.3533923197935633e-7
84.45	3.3030782719608707e-7
84.525	3.253553281939303e-7
84.6	3.204804700710334e-7
84.675	3.156820082899872e-7
84.75	3.109587183543121e-7
84.825	3.063093954899119e-7
84.9	3.017328543314317e-7
84.975	2.972279286134217e-7
85.05	2.92793470866265e-7
85.125	2.8842835211679573e-7
85.2	2.8413146159352265e-7
85.275	2.799017064364124e-7
85.35	2.757380114111496e-7
85.425	2.716393186278202e-7
85.5	2.6760458726395395e-7
85.575	2.636327932918515e-7
85.65	2.5972292921013943e-7
85.725	2.558740037794993e-7
85.8	2.520850417624889e-7
85.875	2.483550836674303e-7
85.95	2.4468318549626036e-7
86.025	2.4106841849632606e-7
86.1	2.3750986891603758e-7
86.175	2.340066377643368e-7
86.25	2.3055784057393046e-7
86.325	2.2716260716820842e-7
86.4	2.2382008143181806e-7
86.475	2.2052942108482508e-7
86.55	2.172897974604144e-7
86.625	2.141003952860762e-7
86.7	2.1096041246822027e-7
86.775	2.0786905988018129e-7
86.85	2.0482556115354596e-7
86.925	2.0182915247276617e-7
87.	1.9887908237300755e-7
87.075	1.9597461154117295e-7
87.15	1.931150126200724e-7
87.225	1.9029957001567136e-7
87.3	1.8752757970738987e-7
87.375	1.8479834906139166e-7
87.45	1.8211119664682965e-7
87.525	1.7946545205499112e-7
87.6	1.768604557213123e-7
87.675	1.742955587502083e-7
87.75	1.7177012274267756e-7
87.825	1.6928351962664487e-7
87.9	1.668351314899932e-7
87.975	1.6442435041624723e-7
88.05	1.6205057832286972e-7
88.125	1.5971322680212773e-7
88.2	1.5741171696449096e-7
88.275	1.5514547928452283e-7
88.35	1.5291395344922573e-7
88.425	1.5071658820880527e-7
88.5	1.485528412298146e-7
88.575	1.4642217895063923e-7
88.65	1.4432407643929442e-7
88.725	1.4225801725348981e-7
88.8	1.4022349330293203e-7
88.875	1.3822000471383436e-7
88.95	1.3624705969558782e-7
89.025	1.3430417440957e-7
89.1	1.32390872840061e-7
89.175	1.3050668666721586e-7
89.25	1.286511551420896e-7
89.325	1.2682382496365636e-7
89.4	1.2502425015780867e-7
89.475	1.2325199195829665e-7
89.55	1.2150661868958341e-7
89.625	1.1978770565158552e-7
89.7	1.1809483500626162e-7
89.775	1.1642759566603324e-7
89.85	1.1478558318399942e-7
89.925	1.13168399645915e-7
90.	1.1157565356392222e-7
90.075	1.1000695977198236e-7
90.15	1.0846193932300508e-7
90.225	1.0694021938762994e-7
90.3	1.0544143315464714e-7
90.375	1.0396521973302561e-7
90.45	1.0251122405552517e-7
90.525	1.0107909678386366e-7
90.6	9.966849421542303e-8
90.675	9.827907819145934e-8
90.75	9.691051600680439e-8
90.825	9.556248032102477e-8
90.9	9.423464907102367e-8
90.975	9.292670538505634e-8
91.05	9.163833749814016e-8
91.125	9.036923866883909e-8
91.2	8.91191070973945e-8
91.275	8.788764584518818e-8
91.35	8.667456275550958e-8
91.425	8.547957037561263e-8
91.5	8.430238588003845e-8
91.575	8.314273099518172e-8
91.65	8.200033192508812e-8
91.725	8.087491927845418e-8
91.8	7.976622799681597e-8
91.875	7.867399728390858e-8
91.95	7.759797053617223e-8
92.025	7.653789527439324e-8
92.1	7.549352307645468e-8
92.175	7.446460951118668e-8
92.25	7.34509140732919e-8
92.325	7.245220011933364e-8
92.4	7.14682348047662e-8
92.475	7.04987890219947e-8
92.55	6.954363733944181e-8
92.625	6.860255794161332e-8
92.7	6.767533257013869e-8
92.775	6.676174646577593e-8
92.85	6.586158831136317e-8
92.925	6.497465017570031e-8
93.	6.41007274583532e-8
93.075	6.323961883535248e-8
93.15	6.239112620578652e-8
93.225	6.155505463926271e-8
93.3	6.073121232423111e-8
93.375	5.991941051715235e-8
93.45	5.911946349249675e-8
93.525	5.833118849356242e-8
93.6	5.755440568409772e-8
93.675	5.678893810071497e-8
93.75	5.603461160608615e-8
93.825	5.5291254842900945e-8
93.9	5.455869918858208e-8
93.975	5.383677871074111e-8
94.05	5.312533012336373e-8
94.125	5.242419274371414e-8
94.2	5.17332084499451e-8
94.275	5.1052221639401965e-8
94.35	5.0381079187611996e-8
94.425	4.971963040794373e-8
94.5	4.906772701193055e-8
94.575	4.842522307024314e-8
94.65	4.7791974974301646e-8
94.725	4.7167841398519553e-8
94.8	4.6552683263164456e-8
94.875	4.594636369783019e-8
94.95	4.534874800550725e-8
95.025	4.475970362724355e-8
95.1	4.417910010738378e-8
95.175	4.360680905938049e-8
95.25	4.304270413216676e-8
95.325	4.248666097707914e-8
95.4	4.1938557215324706e-8
95.475	4.1398272405983135e-8
95.55	4.086568801453148e-8
95.625	4.0340687381888517e-8
95.7	3.982315569396559e-8
95.775	3.93129799517187e-8
95.85	3.881004894169102e-8
95.925	3.831425320704051e-8
96.	3.782548501904192e-8
96.075	3.734363834905895e-8
96.15	3.6868608840973695e-8
96.225	3.640029378407228e-8
96.3	3.593859208637273e-8
96.375	3.548340424839312e-8
96.45	3.5034632337349087e-8
96.525	3.4592179961777004e-8
96.6	3.4155952246570903e-8
96.675	3.3725855808432866e-8
96.75	3.330179873172364e-8
96.825	3.288369054471241e-8
96.9	3.247144219621404e-8
96.975	3.206496603261247e-8
97.05	3.166417577525919e-8
97.125	3.126898649824498e-8
97.2	3.0879314606535216e-8
97.275	3.049507781446425e-8
97.35	3.011619512458344e-8
97.425	2.9742586806856346e-8
97.5	2.9374174378195607e-8
97.575	2.901088058233484e-8
97.65	2.8652629370032295e-8
97.725	2.829934587959854e-8
97.8	2.7950956417743364e-8
97.875	2.7607388440738634e-8
97.95	2.7268570535888513e-8
98.025	2.6934432403304762e-8
98.1	2.6604904837980532e-8
98.175	2.6279919712158523e-8
98.25	2.595940995798801e-8
98.325	2.5643309550467385e-8
98.4	2.533155349066454e-8
98.475	2.5024077789214264e-8
98.55	2.4720819450085262e-8
98.625	2.4421716454613284e-8
98.7	2.4126707745796735e-8
98.775	2.383573321284831e-8
98.85	2.3548733676001446e-8
98.925	2.3265650871564082e-8
99.	2.298642743721885e-8
99.075	2.271100689756252e-8
99.15	2.243933364988358e-8
99.225	2.2171352950172262e-8
99.3	2.1907010899358827e-8
99.375	2.1646254429778316e-8
99.45	2.138903129185654e-8
99.525	2.1135290041013167e-8
99.6	2.0884980024780106e-8
99.675	2.0638051370129965e-8
99.75	2.0394454971011902e-8
99.825	2.0154142476091536e-8
99.9	1.9917066276691058e-8
99.975	1.968317949492626e-8
100.05	1.945243597203801e-8
100.125	1.9224790256913627e-8
100.2	1.9000197594796903e-8
100.275	1.877861391618082e-8
100.35	1.855999582588363e-8
100.425	1.834430059230108e-8
100.5	1.8131486136836298e-8
100.575	1.792151102350041e-8
100.65	1.7714334448683605e-8
100.725	1.750991623109276e-8
100.8	1.730821680185346e-8
100.875	1.71091971947729e-8
100.95	1.6912819036762026e-8
101.025	1.671904453841284e-8
101.1	1.6527836484730616e-8
101.175	1.6339158226015375e-8
101.25	1.61529736688931e-8
101.325	1.5969247267492182e-8
101.4	1.5787944014763898e-8
101.475	1.5609029433943797e-8
101.55	1.5432469570151822e-8
101.625	1.5258230982129528e-8
101.7	1.5086280734110843e-8
101.775	1.491658638782567e-8
101.85	1.4749115994632798e-8
101.925	1.4583838087780789e-8
102.	1.4420721674794407e-8
102.075	1.4259736229984818e-8
102.15	1.410085168708111e-8
102.225	1.39440384319812e-8
102.3	1.3789267295620429e-8
102.375	1.3636509546955816e-8
102.45	1.348573688606365e-8
102.525	1.3336921437349448e-8
102.6	1.319003574286719e-8
102.675	1.3045052755746887e-8
102.75	1.2901945833729005e-8
102.825	1.2760688732802558e-8
102.9	1.2621255600946986e-8
102.975	1.248362097197439e-8
103.05	1.2347759759471641e-8
103.125	1.2213647250840462e-8
103.2	1.208125910143352e-8
103.275	1.1950571328784955e-8
103.35	1.1821560306934515e-8
103.425	1.1694202760842638e-8
103.5	1.156847576089612e-8
103.575	1.1444356607974548e-8
103.65	1.1321822229032342e-8
103.725	1.1200849628349783e-8
103.8	1.1081416177206006e-8
103.875	1.0963499608315206e-8
103.95	1.0847078009560814e-8
104.025	1.0732129817845885e-8
104.1	1.061863381305781e-8
104.175	1.0506569112144799e-8
104.25	1.0395915163302978e-8
104.325	1.0286651740269847e-8
104.4	1.0178758936724401e-8
104.475	1.0072217160789934e-8
104.55	9.967007129638351e-9
104.625	9.863109864194403e-9
104.7	9.760506683936702e-9
104.775	9.659179201794745e-9
104.85	9.55910931913944e-9
104.925	9.460279220865437e-9
105.	9.362671370563683e-9
105.075	9.266268505782374e-9
105.15	9.171053633374093e-9
105.225	9.077010024928261e-9
105.3	8.98412121228673e-9
105.375	8.892370983140972e-9
105.45	8.801743376709353e-9
105.525	8.712222679492952e-9
105.6	8.623793421108404e-9
105.675	8.536440370196189e-9
105.75	8.450148530402994e-9
105.825	8.364903136436718e-9
105.9	8.280689650192878e-9
105.975	8.19749375695044e-9
106.05	8.115301361636586e-9
106.125	8.034098585158647e-9
106.2	7.953871760801646e-9
106.275	7.874607430690887e-9
106.35	7.79629234231776e-9
106.425	7.718913445127593e-9
106.5	7.642457887169011e-9
106.575	7.566913011802717e-9
106.65	7.49226635446913e-9
106.725	7.418505639513696e-9
106.8	7.3456187770685774e-9
106.875	7.273593859990033e-9
106.95	7.2024191608497585e-9
107.025	7.132083128980141e-9
107.1	7.062574387571369e-9
107.175	6.993881730820063e-9
107.25	6.925994121128549e-9
107.325	6.858900686353243e-9
107.4	6.792590717101578e-9
107.475	6.727053664076877e-9
107.55	6.66227913546934e-9
107.625	6.598256894393581e-9
107.7	6.534976856370405e-9
107.775	6.472429086853336e-9
107.85	6.410603798798022e-9
107.925	6.349491350274337e-9
108.	6.289082242120106e-9
108.075	6.229367115635879e-9
108.15	6.1703367503197e-9
108.225	6.111982061641399e-9
108.3	6.054294098855536e-9
108.375	5.997264042852264e-9
108.45	5.940883204045577e-9
108.525	5.885143020298047e-9
108.6	5.830035054881476e-9
108.675	5.7755509944726525e-9
108.75	5.721682647183981e-9
108.825	5.668421940627806e-9
108.9	5.615760920014115e-9
108.975	5.563691746281035e-9
109.05	5.512206694257279e-9
109.125	5.461298150856296e-9
109.2	5.410958613301231e-9
109.275	5.361180687380262e-9
109.35	5.311957085731863e-9
109.425	5.263280626159109e-9
109.5	5.215144229973054e-9
109.575	5.167540920364053e-9
109.65	5.12046382080083e-9
109.725	5.073906153456899e-9
109.8	5.02786123766346e-9
109.875	4.98232248838869e-9
109.95	4.937283414742634e-9
110.025	4.892737618507619e-9
110.1	4.84867879269313e-9
110.175	4.805100720115305e-9
110.25	4.761997272000382e-9
110.325	4.719362406611427e-9
110.4	4.677190167898397e-9
110.475	4.635474684170647e-9
110.55	4.5942101667918116e-9
110.625	4.553390908896501e-9
110.7	4.5130112841285364e-9
110.775	4.4730657454000685e-9
110.85	4.4335488236716454e-9
110.925	4.3944551267523865e-9
111.	4.355779338120323e-9
111.075	4.317516215762129e-9
111.15	4.279660591032365e-9
111.225	4.242207367531402e-9
111.3	4.205151520002129e-9
111.375	4.168488093244696e-9
111.45	4.132212201049499e-9
111.525	4.096319025147377e-9
111.6	4.060803814177503e-9
111.675	4.025661882671965e-9
111.75	3.990888610057149e-9
111.825	3.956479439671714e-9
111.9	3.92242987780023e-9
111.975	3.888735492723145e-9
112.05	3.855391913781891e-9
112.125	3.822394830459574e-9
112.2	3.789739991476437e-9
112.275	3.7574232039002205e-9
112.35	3.725440332270916e-9
112.425	3.6937872977398703e-9
112.5	3.662460077222642e-9
112.575	3.631454702565947e-9
112.65	3.600767259727766e-9
112.725	3.5703938879709167e-9
112.8	3.5403307790695894e-9
112.875	3.5105741765287293e-9
112.95	3.4811203748159802e-9
113.025	3.4519657186059517e-9
113.1	3.4231066020367945e-9
113.175	3.394539467978472e-9
113.25	3.366260807313065e-9
113.325	3.338267158226337e-9
113.4	3.3105551055108256e-9
113.475	3.283121279880006e-9
113.55	3.2559623572933333e-9
113.625	3.2290750582922245e-9
113.7	3.202456147346453e-9
113.775	3.1761024322109587e-9
113.85	3.1500107632930164e-9
113.925	3.1241780330292197e-9
114.	3.0986011752725746e-9
114.075	3.0732771646891224e-9
114.15	3.048203016164137e-9
114.225	3.0233757842177763e-9
114.3	2.9987925624298347e-9
114.375	2.9744504828736555e-9
114.45	2.9503467155588682e-9
114.525	2.926478467882932e-9
114.6	2.902842984091273e-9
114.675	2.8794375447458432e-9
114.75	2.8562594662020587e-9
114.825	2.8333061000938966e-9
114.9	2.8105748328269807e-9
114.975	2.7880630850796033e-9
115.05	2.7657683113115935e-9
115.125	2.7436879992806584e-9
115.2	2.7218196695663853e-9
115.275	2.7001608751016148e-9
115.35	2.678709200710917e-9
115.425	2.6574622626564494e-9
115.5	2.636417708190653e-9
115.575	2.6155732151159164e-9
115.65	2.594926491351028e-9
115.725	2.574475274504333e-9
115.8	2.554217331453375e-9
115.875	2.5341504579310405e-9
115.95	2.5142724781181183e-9
116.025	2.4945812442419456e-9
116.1	2.475074636181355e-9
116.175	2.4557505610775255e-9
116.25	2.43660695295089e-9
116.325	2.417641772323791e-9
116.4	2.3988530058489374e-9
116.475	2.380238665943447e-9
116.55	2.36179679042853e-9
116.625	2.3435254421745756e-9
116.7	2.3254227087516264e-9
116.775	2.307486702085157e-9
116.85	2.2897155581170093e-9
116.925	2.272107436471527e-9
117.	2.254660520126602e-9
117.075	2.2373730150897983e-9
117.15	2.220243150079241e-9
117.225	2.2032691762093456e-9
117.3	2.1864493666812467e-9
117.375	2.1697820164778912e-9
117.45	2.1532654420636315e-9
117.525	2.1368979810883195e-9
117.6	2.1206779920958847e-9
117.675	2.1046038542371627e-9
117.75	2.0886739669870224e-9
117.825	2.072886749865754e-9
117.9	2.0572406421644713e-9
117.975	2.0417341026747115e-9
118.05	2.026365609421941e-9
118.125	2.0111336594030573e-9
118.2	1.9960367683277406e-9
118.275	1.981073470363624e-9
118.35	1.9662423178852164e-9
118.425	1.951541881226487e-9
118.5	1.936970748437151e-9
118.575	1.9225275250424807e-9
118.65	1.9082108338066067e-9
118.725	1.89401931449937e-9
118.8	1.879951623666475e-9
118.875	1.866006434403112e-9
118.95	1.8521824361307225e-9
119.025	1.8384783343772202e-9
119.1	1.8248928505601656e-9
119.175	1.811424721773314e-9
119.25	1.7980727005760922e-9
119.325	1.784835554786214e-9
119.4	1.7717120672752658e-9
119.475	1.7587010357672202e-9
119.55	1.7458012726398964e-9
119.625	1.7330116047292514e-9
119.7	1.7203308731364897e-9
119.775	1.7077579330379736e-9
119.85	1.6952916534978105e-9
119.925	1.6829309172831243e-9
120.	1.6706746206820705e-9
120.075	1.65852167332429e-9
120.15	1.6464709980040669e-9
120.225	1.6345215305059062e-9
120.3	1.6226722194326855e-9
120.375	1.6109220260361429e-9
120.45	1.5992699240498701e-9
120.525	1.587714899524619e-9
120.6	1.5762559506659369e-9
120.675	1.5648920876741294e-9
120.75	1.5536223325864466e-9
120.825	1.5424457191215314e-9
120.9	1.5313612925260395e-9
120.975	1.5203681094233896e-9
121.05	1.5094652376646837e-9
121.125	1.4986517561817148e-9
121.2	1.4879267548419837e-9
121.275	1.4772893343058238e-9
121.35	1.4667386058854178e-9
121.425	1.4562736914059135e-9
121.5	1.4458937230683182e-9
121.575	1.435597843314475e-9
121.65	1.425385204693767e-9
121.725	1.4152549697317276e-9
121.8	1.4052063108005256e-9
121.875	1.3952384099911516e-9
121.95	1.3853504589874089e-9
122.025	1.3755416589416842e-9
122.1	1.3658112203523784e-9
122.175	1.3561583629430227e-9
122.25	1.3465823155431053e-9
122.325	1.3370823159705107e-9
122.4	1.3276576109155364e-9
122.475	1.318307455826562e-9
122.55	1.3090311147972378e-9
122.625	1.2998278604552234e-9
122.7	1.2906969738524748e-9
122.775	1.2816377443569687e-9
122.85	1.2726494695459592e-9
122.925	1.2637314551006382e-9
123.	1.2548830147022704e-9
123.075	1.246103469929699e-9
123.15	1.2373921501582633e-9
123.225	1.228748392460072e-9
123.3	1.2201715415056035e-9
123.375	1.2116609494666979e-9
123.45	1.2032159759207952e-9
123.525	1.1948359877564586e-9
123.6	1.1865203590802133e-9
123.675	1.1782684711246148e-9
123.75	1.1700797121575285e-9
123.825	1.1619534773926464e-9
123.9	1.1538891689012044e-9
123.975	1.1458861955248552e-9
124.05	1.137943972789729e-9
124.125	1.1300619228216067e-9
124.2	1.1222394742622631e-9
124.275	1.114476062186884e-9
124.35	1.1067711280225993e-9
124.425	1.09912411946808e-9
124.5	1.0915344904142194e-9
124.575	1.0840017008658491e-9
124.65	1.0765252168644859e-9
124.725	1.0691045104121235e-9
124.8	1.0617390593959663e-9
124.875	1.0544283475142192e-9
124.95	1.0471718642028325e-9
125.025	1.0399691045631855e-9
125.1	1.032819569290738e-9
125.175	1.0257227646045955e-9
125.25	1.0186782021780361e-9
125.325	1.011685399069896e-9
125.4	1.0047438776568747e-9
125.475	9.97853165566729e-10
125.55	9.910127956122977e-10
125.625	9.842223057264347e-10
125.7	9.774812388977452e-10
125.775	9.707891431071663e-10
125.85	9.641455712653942e-10
125.925	9.57550081151057e-10
126.	9.510022353497645e-10
126.075	9.44501601193882e-10
126.15	9.380477507030967e-10
126.225	9.316402605257637e-10
126.3	9.252787118810015e-10
126.375	9.189626905014979e-10
126.45	9.126917865770933e-10
126.525	9.064655946990598e-10
126.6	9.002837138050942e-10
126.675	8.941457471250135e-10
126.75	8.880513021271646e-10
126.825	8.819999904654729e-10
126.9	8.759914279272058e-10
126.975	8.700252343813672e-10
127.05	8.641010337277798e-10
127.125	8.582184538467679e-10
127.2	8.523771265495379e-10
127.275	8.465766875291046e-10
127.35	8.408167763119283e-10
127.425	8.350970362100837e-10
127.5	8.294171142740692e-10
127.575	8.237766612462211e-10
127.65	8.181753315146716e-10
127.725	8.126127830679081e-10
127.8	8.070886774499147e-10
127.875	8.016026797158534e-10
127.95	7.961544583883018e-10
128.025	7.907436854140483e-10
128.1	7.853700361214099e-10
128.175	7.800331891780924e-10
128.25	7.747328265495768e-10
128.325	7.694686334580083e-10
128.4	7.642402983416025e-10
128.475	7.590475128145695e-10
128.55	7.538899716274982e-10
128.625	7.48767372628264e-10
128.7	7.436794167233915e-10
128.775	7.386258078399284e-10
128.85	7.336062528877468e-10
128.925	7.28620461722317e-10
129.	7.236681471079858e-10
129.075	7.187490246816281e-10
129.15	7.138628129167891e-10
129.225	7.090092330882787e-10
129.3	7.041880092371401e-10
129.375	6.993988681361106e-10
129.45	6.946415392554486e-10
129.525	6.899157547292142e-10
129.6	6.852212493219399e-10
129.675	6.805577603956979e-10
129.75	6.759250278775914e-10
129.825	6.713227942276125e-10
129.9	6.66750804406891e-10
129.975	6.622088058463538e-10
130.05	6.576965484157096e-10
130.125	6.532137843928612e-10
130.2	6.487602684336438e-10
130.275	6.443357575419345e-10
130.35	6.39940011040136e-10
130.425	6.355727905399909e-10
130.5	6.31233859913755e-10
130.575	6.269229852657035e-10
130.65	6.22639934903983e-10
130.725	6.183844793128033e-10
130.8	6.141563911249338e-10
130.875	6.099554450945488e-10
130.95	6.057814180703818e-10
131.025	6.016340889691862e-10
131.1	5.975132387495357e-10
131.175	5.934186503858935e-10
131.25	5.893501088430119e-10
131.325	5.853074010506242e-10
131.4	5.812903158784201e-10
131.475	5.772986441322536e-10
131.55	5.733321981585371e-10
131.625	5.693908475304218e-10
131.7	5.654744717274762e-10
131.775	5.615829500621812e-10
131.85	5.57716161695843e-10
131.925	5.538739856542574e-10
132.	5.50056300843095e-10
132.075	5.46262986063011e-10
132.15	5.424939200245238e-10
132.225	5.387489813626091e-10
132.3	5.350280486510513e-10
132.375	5.313310004165261e-10
132.45	5.276577151524607e-10
132.525	5.240080713326139e-10
132.6	5.203819474244429e-10
132.675	5.167792219021898e-10
132.75	5.131997732597818e-10
132.825	5.096434800234324e-10
132.9	5.061102207640684e-10
132.975	5.025998741094788e-10
133.05	4.991123187562602e-10
133.125	4.956474334815362e-10
133.2	4.922050971544384e-10
133.275	4.887851887473804e-10
133.35	4.853875873471152e-10
133.425	4.820121721655557e-10
133.5	4.786588225504231e-10
133.575	4.753274179956346e-10
133.65	4.720178381515246e-10
133.725	4.687299628348417e-10
133.8	4.654636720385506e-10
133.875	4.6221884594142207e-10
133.95	4.589953649174418e-10
134.025	4.5579310954501084e-10
134.1	4.526119606159638e-10
134.175	4.494517991443902e-10
134.25	4.4631250637526643e-10
134.325	4.431939637929096e-10
134.4	4.400960531292431e-10
134.475	4.3701865637189074e-10
134.55	4.339616557720723e-10
134.625	4.3092493385235153e-10
134.7	4.2790837341418033e-10
134.775	4.249118575453019e-10
134.85	4.219352696269673e-10
134.925	4.1897849334098216e-10
135.	4.1604141267660257e-10
135.075	4.131239119372609e-10
135.15	4.1022587574712997e-10
135.225	4.073471890575456e-10
135.3	4.0448773715324043e-10
135.375	4.0164740565847245e-10
135.45	3.988260805429471e-10
135.525	3.96023648127643e-10
135.6	3.932399950904569e-10
135.675	3.904750084717062e-10
135.75	3.877285756795195e-10
135.825	3.8500058449504117e-10
135.9	3.822909230775333e-10
135.975	3.795994799693241e-10
136.05	3.769261441006278e-10
136.125	3.742708047942352e-10
136.2	3.7163335177005776e-10
136.275	3.690136751495647e-10
136.35	3.664116654600843e-10
136.425	3.638272136389689e-10
136.5	3.612602110376653e-10
136.575	3.58710549425629e-10
136.65	3.561781209941554e-10
136.725	3.536628183600636e-10
136.8	3.511645345692822e-10
136.875	3.4868316310031827e-10
136.95	3.4621859786761145e-10
137.025	3.4377073322478366e-10
137.1	3.4133946396777504e-10
137.175	3.3892468533786853e-10
137.25	3.3652629302463564e-10
137.325	3.3414418316874044e-10
137.4	3.3177825236467474e-10
137.475	3.294283976633748e-10
137.55	3.270945165747497e-10
137.625	3.247765070701147e-10
137.7	3.22474267584514e-10
137.775	3.2018769701896804e-10
137.85	3.179166947426294e-10
137.925	3.156611605948268e-10
138.	3.1342099488704996e-10
138.075	3.111960984048282e-10
138.15	3.0898637240952485e-10
138.225	3.0679171864005964e-10
138.3	3.046120393145348e-10
138.375	3.0244723713178704e-10
138.45	3.0029721527286366e-10
138.525	2.9816187740240775e-10
138.6	2.960411276699798e-10
138.675	2.9393487071129656e-10
138.75	2.918430116494025e-10
138.825	2.897654560957588e-10
138.9	2.8770211015126506e-10
138.975	2.856528804072223e-10
139.05	2.836176739462067e-10
139.125	2.8159639834288817e-10
139.2	2.7958896166479035e-10
139.275	2.775952724729633e-10
139.35	2.7561523982261636e-10
139.425	2.7364877326366947e-10
139.5	2.716957828412635e-10
139.575	2.6975617909618446e-10
139.65	2.6782987306525624e-10
139.725	2.659167762816575e-10
139.8	2.640168007751818e-10
139.875	2.621298590724612e-10
139.95	2.6025586419711133e-10
140.025	2.583947296698346e-10
140.1	2.5654636950848403e-10
140.175	2.547106982280426e-10
140.25	2.5288763084059457e-10
140.325	2.5107708285520925e-10
140.4	2.492789702778046e-10
140.475	2.4749320961095356e-10
140.55	2.4571971785363733e-10
140.625	2.439584125009687e-10
140.7	2.422092115438593e-10
140.775	2.4047203346865404e-10
140.85	2.3874679725671406e-10
140.925	2.3703342238396057e-10
141.	2.353318288203893e-10
141.075	2.33641937029529e-10
141.15	2.3196366796787336e-10
141.225	2.3029694308427435e-10
141.3	2.2864168431929274e-10
141.375	2.269978141045219e-10
141.45	2.2536525536186624e-10
141.525	2.2374393150279454e-10
141.6	2.221337664275614e-10
141.675	2.2053468452438084e-10
141.75	2.1894661066858897e-10
141.825	2.173694702217649e-10
141.9	2.15803189030816e-10
141.975	2.1424769342704971e-10
142.05	2.1270291022520288e-10
142.125	2.1116876672244846e-10
142.2	2.0964519069737932e-10
142.275	2.0813211040895186e-10
142.35	2.0662945459542588e-10
142.425	2.0513715247325811e-10
142.5	2.0365513373598387e-10
142.575	2.021833285530693e-10
142.65	2.007216675687457e-10
142.725	1.992700819008202e-10
142.8	1.9782850313945707e-10
142.875	1.9639686334594967e-10
142.95	1.9497509505146465e-10
143.025	1.935631312557683e-10
143.1	1.9216090542593488e-10
143.175	1.9076835149503109e-10
143.25	1.893854038607894e-10
143.325	1.8801199738425969e-10
143.4	1.8664806738844564e-10
143.475	1.8529354965692351e-10
143.55	1.8394838043244172e-10
143.625	1.8261249641551634e-10
143.7	1.8128583476299456e-10
143.775	1.7996833308662257e-10
143.85	1.786599294515825e-10
143.925	1.773605623750266e-10
144.	1.7607017082459994e-10
144.075	1.7478869421693598e-10
144.15	1.7351607241615994e-10
144.225	1.722522457323672e-10
144.3	1.7099715492009285e-10
144.375	1.697507411767757e-10
144.45	1.6851294614120738e-10
144.525	1.6728371189196805e-10
144.6	1.6606298094586625e-10
144.675	1.6485069625635226e-10
144.75	1.6364680121193792e-10
144.825	1.624512396345942e-10
144.9	1.6126395577815663e-10
144.975	1.6008489432670891e-10
145.05	1.5891400039296653e-10
145.125	1.5775121951665578e-10
145.2	1.5659649766287814e-10
145.275	1.5544978122047394e-10
145.35	1.5431101700038192e-10
145.425	1.5318015223399184e-10
145.5	1.5205713457148438e-10
145.575	1.509419120801818e-10
145.65	1.4983443324287585e-10
145.725	1.4873464695617004e-10
145.8	1.476425025287983e-10
145.875	1.465579496799591e-10
145.95	1.4548093853763197e-10
146.025	1.4441141963689637e-10
146.1	1.4334934391824903e-10
146.175	1.422946627259148e-10
146.25	1.4124732780616068e-10
146.325	1.40207291305598e-10
146.4	1.3917450576949413e-10
146.475	1.3814892414007545e-10
146.55	1.371304997548293e-10
146.625	1.3611918634480595e-10
146.7	1.3511493803292278e-10
146.775	1.3411770933225652e-10
146.85	1.3312745514435258e-10
146.925	1.3214413075751165e-10
147.	1.3116769184510134e-10
147.075	1.3019809446384135e-10
147.15	1.292352950521111e-10
147.225	1.2827925042824388e-10
147.3	1.2732991778882413e-10
147.375	1.2638725470699232e-10
147.45	1.2545121913073872e-10
147.525	1.245217693812062e-10
147.6	1.2359886415099488e-10
147.675	1.226824625024584e-10
147.75	1.2177252386601514e-10
147.825	1.2086900803844737e-10
147.9	1.1997187518121023e-10
147.975	1.1908108581874065e-10
148.05	1.18196600836766e-10
148.125	1.1731838148061686e-10
148.2	1.1644638935353847e-10
148.275	1.1558058641500868e-10
148.35	1.1472093497905384e-10
148.425	1.1386739771256649e-10
148.5	1.1301993763363326e-10
148.575	1.1217851810985097e-10
148.65	1.1134310285665853e-10
148.725	1.1051365593566607e-10
148.8	1.0969014175298057e-10
148.875	1.0887252505754726e-10
148.95	1.0806077093947892e-10
149.025	1.0725484482839974e-10
149.1	1.0645471249178594e-10
149.175	1.056603400333077e-10
149.25	1.0487169389117929e-10
149.325	1.0408874083650805e-10
149.4	1.0331144797164588e-10
149.475	1.0253978272854702e-10
149.55	1.0177371286712321e-10
149.625	1.0101320647360891e-10
149.7	1.0025823195892146e-10
149.775	9.950875805702904e-11
149.85	9.876475382332465e-11
149.925	9.80261886329907e-11
150.	9.72930321793826e-11