0.	0
0.075	0
0.15	0
0.225	0
0.3	0
0.375	0
0.45	0
0.525	0
0.6	0
0.675	0
0.75	0
0.825	0
0.9	0
0.975	0
1.05	0
1.125	0
1.2	0
1.275	0
1.35	0
1.425	0
1.5	0
1.575	0
1.65	0
1.725	0
1.8	0
1.875	0
1.95	0
2.025	0
2.1	0
2.175	0
2.25	0
2.325	0
2.4	0
2.475	0
2.55	0
2.625	0
2.7	0
2.775	0
2.85	0
2.925	0
3.	0
3.075	0
3.15	0
3.225	0
3.3	0
3.375	0
3.45	0
3.525	0
3.6	0
3.675	0
3.75	0
3.825	0
3.9	0
3.975	0
4.05	0
4.125	0
4.2	0
4.275	0
4.35	0
4.425	0
4.5	0
4.575	0
4.65	0
4.725	0
4.8	0
4.875	0
4.95	0
5.025	0
5.1	0
5.175	0
5.25	0
5.325	0
5.4	0
5.475	0
5.55	0
5.625	0
5.7	0.055476359147164214
5.775	0.055392192940425064
5.85	0.055307054502052595
5.925	0.055220952205364784
6.	0.05513389442189169
6.075	0.05504588952089534
6.15	0.05495694586889237
6.225	0.054867071829180075
6.3	0.05477627576136617
6.375	0.05468456602090128
6.45	0.054591950958615035
6.525	0.054498438920255535
6.6	0.054404038246032
6.675	0.054308757270160844
6.75	0.05421260432041517
6.825	0.05411558771767751
6.9	0.054017715775496085
6.975	0.05391899679964446
7.05	0.053819439087684426
7.125	0.05371905092853262
7.2	0.053617840602030245
7.275	0.05351581637851645
7.35	0.053412986518405245
7.425	0.05330935927176532
7.5	0.0532049428779042
7.575	0.0530997455649552
7.65	0.05299377554946813
7.725	0.05288704103600346
7.8	0.05277955021672981
7.875	0.05267131127102544
7.95	0.05256233236508252
8.025	0.05245262165151579
8.1	0.052342187268973876
8.175	0.052231037341754674
8.25	0.05211917997942409
8.325	0.052006623276438686
8.4	0.05189337531177099
8.475	0.05177944414853941
8.55	0.05166483783364089
8.625	0.0515495643973876
8.7	0.05143363185314688
8.775	0.05131704819698529
8.85	0.05119982140731529
8.925	0.05108195944454611
9.	0.05096347025073853
9.075	0.05084436174926239
9.15	0.050724641844458296
9.225	0.05060431842130245
9.3	0.050483399345075494
9.375	0.05036189246103466
9.45	0.05023980559408961
9.525	0.050117146548481525
9.6	0.04999392310746657
9.675	0.04987014303300175
9.75	0.04974581406543539
9.825	0.04962094392320059
9.9	0.04949554030251279
9.975	0.049369610877069835
10.05	0.04924316329775699
10.125	0.04911620519235437
10.2	0.04898874416524878
10.275	0.048860787797148225
10.35	0.048732343644801036
10.425	0.04860341924071723
10.5	0.04847402209289482
10.575	0.04834415968454879
10.65	0.048213839473843445
10.725	0.04808306889362918
10.8	0.047951855351181766
10.875	0.0478202062279459
10.95	0.047688128879281866
11.025	0.04755563063421586
11.1	0.04742271879519376
11.175	0.04728940063783827
11.25	0.047155683410710025
11.325	0.04702157433507132
11.4	0.046887080604654414
11.475	0.046752209385432196
11.55	0.046616967815392985
11.625	0.046481363004318724
11.7	0.04634540203356644
11.775	0.04620909195585313
11.85	0.04607243979504405
11.925	0.045935452545944964
12.	0.04579813717409656
12.075	0.0456605006155738
12.15	0.04552254977678755
12.225	0.04538429153428983
12.3	0.04524573273458287
12.375	0.04510688019393086
12.45	0.04496774069817559
12.525	0.04482832100255522
12.6	0.04468862783152612
12.675	0.04454866787858873
12.75	0.044408447806115664
12.825	0.04426797424518435
12.9	0.04412725379541189
12.975	0.04398629302479375
13.05	0.04384509846954561
13.125	0.043703676633948266
13.2	0.04356203399019615
13.275	0.043420176978248674
13.35	0.043278112005684946
13.425	0.043135845447561896
13.5	0.04299338364627496
13.575	0.04285073291142292
13.65	0.042707899519674686
13.725	0.04256488971464044
13.8	0.04242170970674492
13.875	0.04227836567310453
13.95	0.04213486375740699
14.025	0.041991210069794456
14.1	0.04184741068674975
14.175	0.04170347165098524
14.25	0.04155939897133504
14.325	0.04141519862265042
14.4	0.04127087654569788
14.475	0.04112643864706038
14.55	0.04098189079904161
14.625	0.040837238839572874
14.7	0.04069248857212389
14.775	0.04054764576561522
14.85	0.04040271615433432
14.925	0.04025770543785493
15.	0.04011261928095833
15.075	0.03996746331355828
15.15	0.039822243130628494
15.225	0.03967696429213309
15.3	0.0395316323229596
15.375	0.03938625271285509
15.45	0.03924083091636517
15.525	0.039095372352775236
15.6	0.038949882406054896
15.675	0.03880436642480534
15.75	0.03865882972220879
15.825	0.03851327757598123
15.9	0.03836771522832763
15.975	0.03822214788589981
16.05	0.038076580719756926
16.125	0.03793101886532881
16.2	0.037785467422381716
16.275	0.03763993145498672
16.35	0.0374944159914908
16.425	0.03734892602449044
16.5	0.0372034665108076
16.575	0.03705804237146884
16.65	0.036912658491685874
16.725	0.03676731972083989
16.8	0.03662203087246727
16.875	0.036476796724248514
16.95	0.03633162201799927
17.025	0.036186511459663756
17.1	0.036041469719310715
17.175	0.03589650143113193
17.25	0.03575161119344263
17.325	0.0356068035686847
17.4	0.035462083083432
17.475	0.03531745422839824
17.55	0.03517292145844657
17.625	0.035028489192602326
17.7	0.03488416181406729
17.775	0.03473994367023655
17.85	0.0345958390727174
17.925	0.03445185229735085
18.	0.03430798758423468
18.075	0.03416424913774903
18.15	0.034020641126584435
18.225	0.03387716768377137
18.3	0.033733832906712315
18.375	0.03359064085721563
18.45	0.03344759556153203
18.525	0.03330470101039244
18.6	0.03316196115904825
18.675	0.033019379927313665
18.75	0.03287696119960985
18.825	0.032734708825011075
18.9	0.032592626617293015
18.975	0.03245071835498269
19.05	0.03230898778141057
19.125	0.03216743860476455
19.2	0.03202607449814545
19.275	0.03188489909962522
19.35	0.031743916012305896
19.425	0.0316031288043813
19.5	0.031462541009199985
19.575	0.03132215612533039
19.65	0.031181977616627193
19.725	0.031042008912300058
19.8	0.030902253406983715
19.875	0.030762714460809817
19.95	0.03062339539948059
20.025	0.03048429951434402
20.1	0.030345430062470747
20.175	0.030206790266732734
20.25	0.03006838331588326
20.325	0.02993021236463888
20.4	0.029792280533762566
20.475	0.029654590910148663
20.55	0.029517146546909467
20.625	0.029379950463462937
20.7	0.029243005645622412
20.775	0.029106315045687392
20.85	0.028969881582536036
20.925	0.028833708141718956
21.	0.02869779757555452
21.075	0.028562152703225728
21.15	0.028426776310877987
21.225	0.028291671151718895
21.3	0.028156839946118867
21.375	0.02802228538171329
21.45	0.027888010113506122
21.525	0.027754016763974675
21.6	0.027620307923175397
21.675	0.02748688614885159
21.75	0.027353753966541668
21.825	0.02722091386968912
21.9	0.02708836831975337
21.975	0.026956119746322102
22.05	0.026824170547224593
22.125	0.026692523088646076
22.2	0.02656117970524364
22.275	0.02643014270026282
22.35	0.026299414345655504
22.425	0.026168996882199043
22.5	0.026038892519615924
22.575	0.025909103436695176
22.65	0.02577963178141442
22.725	0.025650479671062758
22.8	0.025521649192365083
22.875	0.025393142401607168
22.95	0.025264961324761588
23.025	0.025137107957614816
23.1	0.02500958426589506
23.175	0.024882392185401166
23.25	0.02475553362213228
23.325	0.024629010452418512
23.4	0.02450282452305219
23.475	0.024376977651420523
23.55	0.024251471625638267
23.625	0.02412630820468207
23.7	0.02400148911852483
23.775	0.023877016068271535
23.85	0.023752890726295182
23.925	0.023629114736374097
24.	0.023505689713829304
24.075	0.023382617245663276
24.15	0.02325989889069891
24.225	0.02313753617971928
24.3	0.023015530615608314
24.375	0.022893883673491593
24.45	0.022772596800878342
24.525	0.022651671417803797
24.6	0.02253110891697187
24.675	0.022410910663899088
24.75	0.02229107799705838
24.825	0.022171612228023926
24.9	0.022052514641616214
24.975	0.021933786496047922
25.05	0.02181542902307
25.125	0.021697443428118447
25.2	0.02157983089046154
25.275	0.021462592563347413
25.35	0.021345729574152213
25.425	0.02122924302452872
25.5	0.021113133990555102
25.575	0.02099740352288444
25.65	0.020882052646894453
25.725	0.020767082362837582
25.8	0.020652493645991525
25.875	0.020538287446809998
25.95	0.02042446469107402
26.025	0.020311026280043307
26.1	0.02019797309060803
26.175	0.020085305975441087
26.25	0.019973025763150222
26.325	0.019861133258430842
26.4	0.01974962924221879
26.475	0.01963851447184349
26.55	0.019527789681181313
26.625	0.019417455580809054
26.7	0.01930751285815779
26.775	0.019197962177666766
26.85	0.019088804180937422
26.925	0.018980039486887833
27.	0.01887166869190692
27.075	0.01876369237000919
27.15	0.01865611107298927
27.225	0.018548925330576775
27.3	0.018442135650591142
27.375	0.018335742519096587
27.45	0.018229746400557207
27.525	0.01812414773799196
27.6	0.018018946953129958
27.675	0.01791414444656556
27.75	0.017809740597913633
27.825	0.017705735765964695
27.9	0.017602130288840244
27.975	0.017498924484148002
28.05	0.017396118649136937
28.125	0.017293713060852655
28.2	0.01719170797629241
28.275	0.017090103632560204
28.35	0.0169889002470218
28.425	0.01688809801745972
28.5	0.016787697122227975
28.575	0.016687697720406944
28.65	0.016588099951958018
28.725	0.016488903937878087
28.8	0.01639010978035397
28.875	0.01629171756291668
28.95	0.016193727350595686
29.025	0.016096139190072658
29.1	0.015998953109835404
29.175	0.01590216912033162
29.25	0.015805787214122062
29.325	0.01570980736603404
29.4	0.015614229533314363
29.475	0.015519053655782137
29.55	0.015424279655981516
29.625	0.015329907439333912
29.7	0.015235936894290225
29.775	0.015142367892482767
29.85	0.015049200288876787
29.925	0.014956433921921957
30.	0.014864068613703301
30.075	0.014772104170092143
30.15	0.014680540380896594
30.225	0.014589377020011635
30.3	0.014498613845569214
30.375	0.014408250600087606
30.45	0.014318287010620847
30.525	0.014228722788907562
30.6	0.014139557631519601
30.675	0.014050791220010206
30.75	0.013962423221061913
30.825	0.013874453286634083
30.9	0.013786881054109999
30.975	0.013699706146443693
31.05	0.013612928172306237
31.125	0.013526546726231761
31.2	0.013440561388763041
31.275	0.013354971726596639
31.35	0.013269777292727724
31.425	0.013184977626594322
31.5	0.013100572254221277
31.575	0.013016560688363769
31.65	0.012932942428650236
31.725	0.012849716961725025
31.8	0.012766883761390598
31.875	0.012684442288749046
31.95	0.01260239199234345
32.025	0.012520732308298529
32.1	0.012439462660460934
32.175	0.01235858246053904
32.25	0.012278091108242187
32.325	0.012197987991419534
32.4	0.012118272486198336
32.475	0.012038943957121658
32.55	0.011960001757285815
32.625	0.011881445228476912
32.7	0.011803273701307366
32.775	0.011725486495351366
32.85	0.011648082919280182
32.925	0.011571062270996817
33.	0.011494423837770051
33.075	0.011418166896368081
33.15	0.011342290713191492
33.225	0.01126679454440568
33.3	0.011191677636072834
33.375	0.011116939224283182
33.45	0.011042578535285811
33.525	0.010968594785618895
33.6	0.010894987182239219
33.675	0.010821754922651278
33.75	0.010748897195035727
33.825	0.010676413178377222
33.9	0.0106043020425918
33.975	0.010532562948653332
34.05	0.010461195048719868
34.125	0.010390197486258908
34.2	0.010319569396172438
34.275	0.010249309904921039
34.35	0.010179418130647643
34.425	0.010109893183300555
34.5	0.010040734164755816
34.575	0.00997194016893903
34.65	0.00990351028194655
34.725	0.009835443582165983
34.8	0.009767739140396149
34.875	0.009700396019966287
34.95	0.009633413276854743
35.025	0.009566789959807007
35.1	0.009500525110452976
35.175	0.009434617763423763
35.25	0.009369066946467712
35.325	0.009303871680565875
35.4	0.009239030980046713
35.475	0.00917454385270031
35.55	0.009110409299891728
35.625	0.009046626316673925
35.7	0.008983193891899843
35.775	0.00892011100833392
35.85	0.008857376642762925
35.925	0.008794989766106084
36.	0.008732949343524643
36.075	0.008671254334530667
36.15	0.008609903693095222
36.225	0.008548896367755791
36.3	0.008488231301723274
36.375	0.008427907432987927
36.45	0.008367923694425038
36.525	0.008308279013899585
36.6	0.008248972314370391
36.675	0.0081900025139937
36.75	0.008131368526225759
36.825	0.00807306925992504
36.9	0.008015103619453637
36.975	0.00795747050477796
37.05	0.007900168811568815
37.125	0.00784319743130078
37.2	0.007786555251350892
37.275	0.007730241155096639
37.35	0.007674254022013308
37.425	0.007618592727770577
37.5	0.007563256144328545
37.575	0.007508243140032911
37.65	0.007453552579709661
37.725	0.007399183324758907
37.8	0.007345134233248074
37.875	0.007291404160004525
37.95	0.007237991956707327
38.025	0.007184896471978458
38.1	0.007132116551473243
38.175	0.007079651037970208
38.25	0.007027498771460123
38.325	0.006975658589234453
38.4	0.0069241293259731185
38.475	0.006872909813831532
38.55	0.0068219988825269666
38.625	0.0067713953594242295
38.7	0.006721098069620724
38.775	0.006671105836030731
38.85	0.006621417479469089
38.925	0.0065720318187341385
39.	0.006522947670689963
39.075	0.006474163850348117
39.15	0.0064256791709484465
39.225	0.006377492444039389
39.3	0.006329602479557524
39.375	0.006282008085906508
39.45	0.006234708070035292
39.525	0.006187701237515652
39.6	0.0061409863926190815
39.675	0.006094562338393017
39.75	0.006048427876736375
39.825	0.006002581808474419
39.9	0.005957022933432945
39.975	0.005911750050511853
40.05	0.005866761957758006
40.125	0.005822057452437428
40.2	0.005777635331106871
40.275	0.005733494389684726
40.35	0.005689633423521154
40.425	0.005646051227467798
40.5	0.005602746595946583
40.575	0.005559718323018049
40.65	0.0055169652024488975
40.725	0.0054744860277789985
40.8	0.005432279592387691
40.875	0.005390344689559403
40.95	0.005348680112548728
41.025	0.005307284654644744
41.1	0.005266157109234759
41.175	0.005225296269867409
41.25	0.0051847009303150945
41.325	0.0051443698846357945
41.4	0.0051043019272342454
41.475	0.00506449585292249
41.55	0.005024950456979788
41.625	0.004985664535211914
41.7	0.004946636884009798
41.775	0.004907866300407586
41.85	0.0048693515821400185
41.925	0.004831091527699281
42.	0.004793084936391115
42.075	0.0047553306083904555
42.15	0.004717827344796274
42.225	0.004680573947686029
42.3	0.004643569220169319
42.375	0.004606811966441027
42.45	0.0045703009918338705
42.525	0.0045340351028702475
42.6	0.004498013107313623
42.675	0.004462233814219225
42.75	0.004426696033984151
42.825	0.004391398578396932
42.9	0.004356340260686475
42.975	0.004321519895570412
43.05	0.004286936299302879
43.125	0.004252588289721706
43.2	0.0042184746862950475
43.275	0.004184594310167398
43.35	0.004150945984205083
43.425	0.004117528533041118
43.5	0.004084340783119558
43.575	0.004051381562739256
43.65	0.004018649702097065
43.725	0.0039861440333304335
43.8	0.003953863390559536
43.875	0.00392180660992876
43.95	0.003889972529647695
44.025	0.0038583599900315385
44.1	0.003826967833540989
44.175	0.0037957949048215566
44.25	0.0037648400507423684
44.325	0.0037341021204344146
44.4	0.003703579965328269
44.475	0.003673272439191264
44.55	0.003643178398164137
44.625	0.003613296700797194
44.7	0.00358362620808587
44.775	0.003554165783505852
44.85	0.0035249142930476054
44.925	0.0034958706052504486
45.	0.0034670335912360866
45.075	0.0034384021247416286
45.15	0.0034099750821521366
45.225	0.003381751342532606
45.3	0.003353729787659538
45.375	0.0033259093020518837
45.45	0.0032982887730016604
45.525	0.003270867090603929
45.6	0.0032436431477863457
45.675	0.0032166158403382633
45.75	0.0031897840669392703
45.825	0.00316314672918731
45.9	0.0031367027316263132
45.975	0.0031104509817733244
46.05	0.003084390390145236
46.125	0.0030585198702849283
46.2	0.003032838338787099
46.275	0.0030073447153235082
46.35	0.0029820379226678058
46.425	0.002956916886719952
46.5	0.0029319805365300975
46.575	0.0029072278043220942
46.65	0.00288265762551652
46.725	0.0028582689387532606
46.8	0.0028340606859136685
46.875	0.002810031812142271
46.95	0.0027861812658680684
47.025	0.002762507998825378
47.1	0.00273901096607425
47.175	0.002715689126020476
47.25	0.00269254144043518
47.325	0.0026695668744739637
47.4	0.0026467643966956804
47.475	0.0026241329790807396
47.55	0.0026016715970490676
47.625	0.0025793792294776085
47.7	0.0025572548587174605
47.775	0.002535297470610598
47.85	0.0025135060545061925
47.925	0.0024918796032765457
48.	0.002470417113332655
48.075	0.002449117584639335
48.15	0.0024279800207300294
48.225	0.002407003428721179
48.3	0.002386186819326261
48.375	0.002365529206869401
48.45	0.0023450296092986803
48.525	0.002324687048199014
48.6	0.00230450054880469
48.675	0.0022844691400115682
48.75	0.002264591854388871
48.825	0.0022448677281906577
48.9	0.0022252958013669294
48.975	0.0022058751175743946
49.05	0.0021866047241868723
49.125	0.0021674836723053637
49.2	0.0021485110167677813
49.275	0.0021296858161583385
49.35	0.002111007132816603
49.425	0.002092474032846221
49.5	0.0020740855861233133
49.575	0.0020558408663045374
49.65	0.0020377389508348612
49.725	0.0020197789209549437
49.8	0.0020019598617082865
49.875	0.001984280861948012
49.95	0.0019667410143433426
50.025	0.001949339415385809
50.1	0.001932075165395075
50.175	0.0019149473685245635
50.25	0.0018979551327666779
50.325	0.0018810975699578123
50.4	0.0018643737957830231
50.475	0.0018477829297804192
50.55	0.0018313240953452688
50.625	0.0018149964197338195
50.7	0.0017987990340668396
50.775	0.0017827310733328817
50.85	0.0017667916763912533
50.925	0.0017509799859747469
51.	0.001735295148692065
51.075	0.0017197363150299968
51.15	0.001704302639355342
51.225	0.0016889932799165367
51.3	0.0016738073988450581
51.375	0.0016587441621565438
51.45	0.0016438027397516787
51.525	0.00162898230541683
51.6	0.001614282036824405
51.675	0.0015997011155330122
51.75	0.001585238726987336
51.825	0.001570894060517791
51.9	0.0015566663093399518
51.975	0.0015425546705537185
52.05	0.0015285583451422758
52.125	0.0015146765379708113
52.2	0.0015009084577850109
52.275	0.0014872533172093332
52.35	0.0014737103327450444
52.425	0.0014602787247680804
52.5	0.0014469577175266314
52.575	0.0014337465391385637
52.65	0.0014206444215886039
52.725	0.0014076506007253305
52.8	0.0013947643162579488
52.875	0.0013819848117528608
52.95	0.0013693113346300565
53.025	0.0013567431361592784
53.1	0.001344279471456013
53.175	0.0013319195994772742
53.25	0.001319662783017205
53.325	0.001307508288702498
53.4	0.0012954553869876056
53.475	0.0012835033521498042
53.55	0.0012716514622840378
53.625	0.0012598989992976177
53.7	0.0012482452489047235
53.775	0.0012366895006207484
53.85	0.0012252310477564514
53.925	0.0012138691874119761
54.	0.0012026032204706496
54.075	0.0011914324515926848
54.15	0.001180356189208667
54.225	0.0011693737455128938
54.3	0.0011584844364565872
54.375	0.0011476875817409075
54.45	0.0011369825048098505
54.525	0.001126368532842978
54.6	0.0011158449967479881
54.675	0.0011054112311531838
54.75	0.0010950665743997361
54.825	0.001084810368533866
54.9	0.0010746419592988512
54.975	0.0010645606961268963
55.05	0.0010545659321308945
55.125	0.001044657024096026
55.2	0.0010348333324712465
55.275	0.0010250942213606451
55.35	0.001015439058514657
55.425	0.0010058672153211892
55.5	0.0009963780667965794
55.575	0.0009869709915764735
55.65	0.0009776453719065642
55.725	0.0009684005936332171
55.8	0.0009592360461939927
55.875	0.000950151122608035
55.95	0.0009411452194663783
56.025	0.0009322177369221267
56.1	0.0009233680786805283
56.175	0.0009145956519889603
56.25	0.0009058998676267893
56.325	0.0008972801398951559
56.4	0.0008887358866066431
56.475	0.0008802665290748542
56.55	0.0008718714921039011
56.625	0.0008635502039777937
56.7	0.0008553020964497324
56.775	0.0008471266047313351
56.85	0.0008390231674817512
56.925	0.0008309912267967039
57.	0.000823030228197442
57.075	0.0008151396206196195
57.15	0.0008073188564020914
57.225	0.000799567391275616
57.3	0.0007918846843515135
57.375	0.0007842701981102138
57.45	0.0007767233983897564
57.525	0.0007692437543742103
57.6	0.0007618307385820178
57.675	0.0007544838268542873
57.75	0.0007472024983429948
57.825	0.0007399862354991525
57.9	0.0007328345240608752
57.975	0.0007257468530414255
58.05	0.0007187227147171717
58.125	0.0007117616046154868
58.2	0.0007048630215026209
58.275	0.0006980264673714701
58.35	0.0006912514474293403
58.425	0.0006845374700856222
58.5	0.000677884046939436
58.575	0.0006712906927672187
58.65	0.0006647569255102664
58.725	0.0006582822662622274
58.8	0.0006518662392565498
58.875	0.0006455083718538952
58.95	0.0006392081945294978
59.025	0.0006329652408604854
59.1	0.0006267790475131692
59.175	0.00062064915423029
59.25	0.00061457510381822
59.325	0.0006085564421341492
59.4	0.0006025927180732182
59.475	0.0005966834835556256
59.55	0.0005908282935137131
59.625	0.0005850267058790012
59.7	0.0005792782815692193
59.775	0.0005735825844752871
59.85	0.0005679391814482855
59.925	0.0005623476422863939
60.	0.0005568075397218059
60.075	0.0005513184494076266
60.15	0.0005458799499047425
60.225	0.0005404916226686744
60.3	0.0005351530520364139
60.375	0.0005298638252132337
60.45	0.0005246235322594945
60.525	0.0005194317660774226
60.6	0.0005142881223978863
60.675	0.0005091921997671466
60.75	0.0005041435995336055
60.825	0.0004991419258345388
60.9	0.0004941867855828206
60.975	0.0004892777884536363
61.05	0.00048441454687119597
61.125	0.000479596675995424
61.2	0.00047482379370866496
61.275	0.0004700955206023697
61.35	0.00046541147996377846
61.425	0.000460771297762611
61.5	0.00045617460263774293
61.575	0.00045162102588389293
61.65	0.0004471102014382989
61.725	0.0004426417658674021
61.8	0.0004382153583535384
61.875	0.0004338306206816154
61.95	0.0004294871972258126
62.025	0.00042518473493627433
62.1	0.0004209228833258136
62.175	0.00041670129445662137
62.25	0.0004125196229269795
62.325	0.0004083775258579913
62.4	0.00040427466288031004
62.475	0.0004002106961208856
62.55	0.0003961852901897192
62.625	0.00039219811216662783
62.7	0.00038824883158802316
62.775	0.0003843371204337076
62.85	0.0003804626531136694
62.925	0.00037662510645491726
63.	0.00037282415968830474
63.075	0.0003690594944353877
63.15	0.00036533079469529294
63.225	0.000361637746831603
63.3	0.0003579800395592637
63.375	0.0003543573639315056
63.45	0.00035076941332679034
63.525	0.0003472158834357731
63.6	0.00034369647224828973
63.675	0.00034021088004036195
63.75	0.00033675880936122896
63.825	0.00033333996502039903
63.9	0.00032995405407472726
63.975	0.0003266007858155123
64.05	0.00032327987175562796
64.125	0.00031999102561666856
64.2	0.0003167339633161306
64.275	0.00031350840295461357
64.35	0.00031031406480305405
64.425	0.00030715067128998027
64.5	0.0003040179469888042
64.575	0.0003009156186051359
64.65	0.0002978434149641272
64.725	0.0002948010669978524
64.8	0.00029178830773270685
64.875	0.0002888048722768535
64.95	0.00028585049780768384
65.025	0.0002829249235593226
65.1	0.0002800278908101589
65.175	0.00027715914287041376
65.25	0.000274318425069738
65.325	0.00027150548474484795
65.4	0.00026872007122719056
65.475	0.0002659619358306469
65.55	0.00026323083183926857
65.625	0.0002605265144950543
65.7	0.00025784874098575277
65.775	0.00025519727043271515
65.85	0.0002525718638787723
65.925	0.000249972284276155
66.	0.00024739829647445335
66.075	0.00024484966720860987
66.15	0.00024232616508695296
66.225	0.00023982756057926863
66.3	0.00023735362600491185
66.375	0.00023490413552095597
66.45	0.00023247886511038466
66.525	0.00023007759257031972
66.6	0.00022770009750029143
66.675	0.00022534616129055038
66.75	0.0002230155671104194
66.825	0.00022070809989668637
66.9	0.00021842354634203707
66.975	0.0002161616948835349
67.05	0.0002139223356911354
67.125	0.0002117052606562513
67.2	0.00020951026338035102
67.275	0.00020733713916361104
67.35	0.00020518568499359885
67.425	0.00020305569953400936
67.5	0.00020094698311344137
67.575	0.00019885933771421677
67.65	0.00019679256696124314
67.725	0.00019474647611092562
67.8	0.00019272087204011737
67.875	0.0001907155632351164
67.95	0.000188730359780711
68.025	0.00018676507334926428
68.1	0.00018481951718984853
68.175	0.00018289350611742114
68.25	0.00018098685650205185
68.325	0.00017909938625818839
68.4	0.00017723091483397345
68.475	0.00017538126320060728
68.55	0.0001735502538417526
68.625	0.00017173771074298992
68.7	0.00016994345938131894
68.775	0.0001681673267147026
68.85	0.00016640914117166449
68.925	0.00016466873264092644
69.	0.00016294593246109752
69.075	0.0001612405734104086
69.15	0.00015955248969649373
69.225	0.0001578815169462211
69.3	0.00015622749219556547
69.375	0.00015459025387953756
69.45	0.00015296964182215142
69.525	0.00015136549722644547
69.6	0.00014977766266454986
69.675	0.00014820598206779888
69.75	0.000146650300716897
69.825	0.00014511046523212615
69.9	0.0001435863235636065
69.975	0.00014207772498160085
70.05	0.00014058452006687056
70.125	0.0001391065607010782
70.2	0.00013764370005723756
70.275	0.00013619579259021292
70.35	0.0001347626940272667
70.425	0.00013334426135865304
70.5	0.00013194035282826415
70.575	0.00013055082792431976
70.65	0.00012917554737010804
70.725	0.00012781437311477545
70.8	0.00012646716832416044
70.875	0.0001251337973716809
70.95	0.00012381412582926707
71.025	0.00012250802045834226
71.1	0.00012121534920085336
71.175	0.00011993598117034736
71.25	0.00011866978664310052
71.325	0.00011741663704929076
71.4	0.00011617640496421977
71.475	0.00011494896409958666
71.55	0.00011373418929480245
71.625	0.00011253195650836197
71.7	0.00011134214280925522
71.775	0.00011016462636843224
71.85	0.00010899928645031383
71.925	0.0001078460034043496
72.	0.00010670465865662546
72.075	0.00010557513470151828
72.15	0.00010445731509339753
72.225	0.0001033510844383757
72.3	0.00010225632838610546
72.375	0.00010117293362162481
72.45	0.0001001007878572497
72.525	0.00009903977982451388
72.6	0.00009798979926615672
72.675	0.0000969507369281554
72.75	0.00009592248455181013
72.825	0.00009490493486586949
72.9	0.00009389798157870799
72.975	0.00009290151937054838
73.05	0.00009191544388572973
73.125	0.00009093965172502511
73.2	0.00008997404043800341
73.275	0.00008901850851543818
73.35	0.0000880729553817646
73.425	0.00008713728138757865
73.5	0.00008621138780218787
73.575	0.00008529517680620462
73.65	0.00008438855148418478
73.725	0.00008349141581731585
73.8	0.00008260367467614645
73.875	0.00008172523381336583
73.95	0.0000808559998566247
74.025	0.00007999588030140487
74.1	0.00007914478350393155
74.175	0.00007830261867413243
74.25	0.00007746929586864126
74.325	0.00007664472598384621
74.4	0.0000758288207489833
74.475	0.00007502149271927354
74.55	0.00007422265526910523
74.625	0.00007343222258526192
74.7	0.00007265010966019148
74.775	0.00007187623228532134
74.85	0.00007111050704441836
74.925	0.00007035285130698973
75.	0.00006960318322173073
75.075	0.00006886142171001277
75.15	0.00006812748645941792
75.225	0.00006740129791731446
75.3	0.00006668277728447545
75.375	0.00006597184650874175
75.45	0.0000652684282787268
75.525	0.00006457244601756329
75.6	0.00006388382391611792
75.675	0.00006320248757151877
75.75	0.0000625283638431114
75.825	0.00006186138025984004
75.9	0.00006120146499664881
75.975	0.00006054854687017719
76.05	0.00005990255533445752
76.125	0.000059263420476617945
76.2	0.000058631073012588923
76.275	0.000058005444282815166
76.35	0.00005738646624797335
76.425	0.000056774071484695214
76.5	0.000056168193181298196
76.575	0.00005556876513352222
76.65	0.000054975721740274047
76.725	0.000054388997999380004
76.8	0.00005380852950334587
76.875	0.00005323425243512745
76.95	0.00005266610356390794
77.025	0.00005210402024088633
77.1	0.0000515479403950756
77.175	0.00005099780252911059
77.25	0.000050453545715067115
77.325	0.00004991510959029183
77.4	0.00004938243435324357
77.475	0.00004885546075934666
77.55	0.00004833413011685535
77.625	0.000047818384282732367
77.7	0.000047308165658538545
77.775	0.0000468034171863363
77.85	0.00004630408234460652
77.925	0.00004581010514417816
78.	0.00004532143012417349
78.075	0.000044838002347965674
78.15	0.00004435976739915227
78.225	0.000043886671377542434
78.3	0.00004341866089515952
78.375	0.00004295568307225972
78.45	0.000042497685533364555
78.525	0.00004204461640331052
78.6	0.000041596424303313946
78.675	0.00004115305834705218
78.75	0.00004071446813676147
78.825	0.00004028060375935095
78.9	0.000039851415782533886
78.975	0.00003942685525097532
79.05	0.000039006873682457604
79.125	0.00003859142306406274
79.2	0.00003818045584837272
79.275	0.00003777392494968685
79.35	0.000037371783740258014
79.425	0.000036973986046545494
79.5	0.00003658048614548774
79.575	0.00003619123876079182
79.65	0.000035806199059242555
79.725	0.000035425322647029245
79.8	0.000035048565566091715
79.875	0.00003467588429048533
79.95	0.0000343072357227645
80.025	0.0000339425771903853
80.1	0.00003358186644212792
80.175	0.00003322506164453727
80.25	0.00003287212137838393
80.325	0.000032523004635144394
80.4	0.0000321776708135002
80.475	0.00003183607971585789
80.55	0.00003149819154488704
80.625	0.0000311639669000799
80.7	0.00003083336677432953
80.775	0.000030506352550528626
80.85	0.000030182885998187604
80.925	0.000029862929270073573
81.	0.000029546444898868642
81.075	0.00002923339579384913
81.15	0.00002892374523758404
81.225	0.000028617456882654303
81.3	0.000028314494748392496
81.375	0.000028014823217642156
81.45	0.000027718407033538152
81.525	0.000027425211296306646
81.6	0.000027135201460086305
81.675	0.000026848343329768645
81.75	0.000026564603057860256
81.825	0.000026283947141364228
81.9	0.000026006342418682552
81.975	0.000025731756066538988
82.05	0.000025460155596921652
82.125	0.000025191508854046996
82.2	0.000024925784011343876
82.275	0.000024662949568457097
82.35	0.00002440297434827307
82.425	0.000024145827493964125
82.5	0.000023891478466054448
82.575	0.000023639897039505538
82.65	0.00002339105330082253
82.725	0.000023144917645180404
82.8	0.000022901460773570743
82.875	0.000022660653689968583
82.95	0.000022422467698519432
83.025	0.00002218687440074659
83.1	0.0000219538456927787
83.175	0.00002172335376259686
83.25	0.000021495371087302393
83.325	0.000021269870430404467
83.4	0.000021046824839127442
83.475	0.000020826207641738398
83.55	0.00002060799244489424
83.625	0.00002039215313100916
83.7	0.000020178663855641186
83.775	0.000019967499044899013
83.85	0.00001975863339286814
83.925	0.000019552041859056476
84.	0.000019347699665860218
84.075	0.000019145582296048226
84.15	0.000018945665490266558
84.225	0.000018747925244562016
84.3	0.000018552337807924718
84.375	0.000018358879679850674
84.45	0.000018167527607922735
84.525	0.000017978258585410852
84.6	0.000017791049848891426
84.675	0.000017605878875885624
84.75	0.000017422723382516306
84.825	0.00001724156132118384
84.9	0.000017062370878260876
84.975	0.000016885130471805237
85.05	0.00001670981874929163
85.125	0.000016536414585362018
85.2	0.000016364897079593936
85.275	0.000016195245554287502
85.35	0.000016027439552270227
85.425	0.000015861458834720262
85.5	0.000015697283379007708
85.575	0.000015534893376553738
85.65	0.000015374269230707524
85.725	0.000015215391554641186
85.8	0.000015058241169262004
85.875	0.000014902799101142991
85.95	0.000014749046580470091
86.025	0.000014596965039007497
86.1	0.000014446536108079842
86.175	0.000014297741616571761
86.25	0.000014150563588944944
86.325	0.000014004984243271608
86.4	0.00001386098598928547
86.475	0.000013718551426449261
86.55	0.000013577663342039198
86.625	0.00001343830470924608
86.7	0.000013300458685292795
86.775	0.000013164108609568699
86.85	0.00001302923800177991
86.925	0.000012895830560116225
87.	0.000012763870159434199
87.075	0.000012633340849456079
87.15	0.00001250422685298513
87.225	0.000012376512564136406
87.3	0.000012250182546583748
87.375	0.000012125221531822156
87.45	0.000012001614417446035
87.525	0.00001187934626544266
87.6	0.000011758402300501331
87.675	0.000011638767908337713
87.75	0.000011520428634033252
87.825	0.000011403370180389965
87.9	0.000011287578406300078
87.975	0.000011173039325130508
88.05	0.000011059739103122353
88.125	0.000010947664057804959
88.2	0.000010836800656424623
88.275	0.000010727135514387823
88.35	0.000010618655393718834
88.425	0.000010511347201531645
88.5	0.000010405197988516208
88.575	0.000010300194947438614
88.65	0.000010196325411655454
88.725	0.000010093576853641976
88.8	9.99193688353405e-6
88.875	9.89139324768405e-6
88.95	9.79193382723011e-6
89.025	9.693546636678875e-6
89.1	9.596219822502114e-6
89.175	9.499941661745909e-6
89.25	9.404700560653844e-6
89.325	9.310485053302778e-6
89.4	9.217283800251915e-6
89.475	9.125085587204633e-6
89.55	9.033879323683227e-6
89.625	8.943654041716554e-6
89.7	8.854398894539912e-6
89.775	8.766103155307865e-6
89.85	8.678756215819359e-6
89.925	8.592347585254919e-6
90.	8.506866888926702e-6
90.075	8.422303867040071e-6
90.15	8.33864837346772e-6
90.225	8.255890374535405e-6
90.3	8.174019947819724e-6
90.375	8.093027280957706e-6
90.45	8.012902670468028e-6
90.525	7.933636520583718e-6
90.6	7.855219342096581e-6
90.675	7.777641751212745e-6
90.75	7.70089446841982e-6
90.825	7.624968317365031e-6
90.9	7.549854223744641e-6
90.975	7.475543214204276e-6
91.05	7.40202641525023e-6
91.125	7.329295052171769e-6
91.2	7.257340447973924e-6
91.275	7.186154022321252e-6
91.35	7.115727290491919e-6
91.425	7.046051862342426e-6
91.5	6.977119441282775e-6
91.575	6.908921823261742e-6
91.65	6.841450895762675e-6
91.725	6.774698636809187e-6
91.8	6.70865711398097e-6
91.875	6.643318483439692e-6
91.95	6.5786749889646e-6
92.025	6.514718960998098e-6
92.1	6.451442815700826e-6
92.175	6.3888390540165825e-6
92.25	6.326900260746652e-6
92.325	6.265619103633627e-6
92.4	6.204988332454599e-6
92.475	6.145000778123716e-6
92.55	6.085649351803757e-6
92.625	6.0269270440271035e-6
92.7	5.968826923825544e-6
92.775	5.911342137869141e-6
92.85	5.854465909613979e-6
92.925	5.79819153845858e-6
93.	5.7425123989093965e-6
93.075	5.687421939754495e-6
93.15	5.63291368324622e-6
93.225	5.578981224292025e-6
93.3	5.525618229653923e-6
93.375	5.472818437156219e-6
93.45	5.420575654901472e-6
93.525	5.368883760494675e-6
93.6	5.317736700275521e-6
93.675	5.26712848855868e-6
93.75	5.217053206882167e-6
93.825	5.167505003263387e-6
93.9	5.118478091463166e-6
93.975	5.069966750257438e-6
94.05	5.0219653227166015e-6
94.125	4.974468215492501e-6
94.2	4.9274698981129405e-6
94.275	4.8809649022835675e-6
94.35	4.834947821197248e-6
94.425	4.789413308850626e-6
94.5	4.744356079368085e-6
94.575	4.699770906332752e-6
94.65	4.655652622124624e-6
94.725	4.611996117265821e-6
94.8	4.568796339772654e-6
94.875	4.526048294514748e-6
94.95	4.483747042580906e-6
95.025	4.441887700651802e-6
95.1	4.400465440379292e-6
95.175	4.359475487772431e-6
95.25	4.318913122590096e-6
95.325	4.278773677740016e-6
95.4	4.239052538684297e-6
95.475	4.19974514285143e-6
95.55	4.160846979054399e-6
95.625	4.122353586915251e-6
95.7	4.084260556295755e-6
95.775	4.046563526734273e-6
95.85	4.009258186888597e-6
95.925	3.972340273984906e-6
96.	3.9358055732725975e-6
96.075	3.899649917485121e-6
96.15	3.863869186306482e-6
96.225	3.82845930584373e-6
96.3	3.7934162481049635e-6
96.375	3.7587360304831516e-6
96.45	3.7244147152454655e-6
96.525	3.690448409028274e-6
96.6	3.656833262337448e-6
96.675	3.6235654690543112e-6
96.75	3.590641265946805e-6
96.825	3.558056932186139e-6
96.9	3.5258087888685233e-6
96.975	3.4938931985423355e-6
97.05	3.4623065647402627e-6
97.125	3.4310453315167173e-6
97.2	3.4001059829902283e-6
97.275	3.3694850428908324e-6
97.35	3.3391790741124655e-6
97.425	3.3091846782702667e-6
97.5	3.2794984952627325e-6
97.575	3.2501172028386337e-6
97.65	3.2210375161687716e-6
97.725	3.1922561874223835e-6
97.8	3.1637700053481937e-6
97.875	3.1355757948601706e-6
97.95	3.1076704166277477e-6
98.025	3.080050766670622e-6
98.1	3.052713775957969e-6
98.175	3.0256564100121453e-6
98.25	2.998875668516701e-6
98.325	2.9723685849288204e-6
98.4	2.946132226095893e-6
98.475	2.920163691876488e-6
98.55	2.894460114765432e-6
98.625	2.869018659523043e-6
98.7	2.843836522808532e-6
98.775	2.818910932817368e-6
98.85	2.7942391489227793e-6
98.925	2.7698184613211196e-6
99.	2.7456461906812903e-6
99.075	2.721719687797936e-6
99.15	2.6980363332485858e-6
99.225	2.674593537054594e-6
99.3	2.6513887383457717e-6
99.375	2.6284194050288505e-6
99.45	2.605683033459613e-6
99.525	2.5831771481186166e-6
99.6	2.560899301290601e-6
99.675	2.5388470727474386e-6
99.75	2.5170180694346067e-6
99.825	2.495409925161198e-6
99.9	2.474020300293363e-6
99.975	2.4528468814511524e-6
100.05	2.431887381208803e-6
100.125	2.411139537798305e-6
100.2	2.3906011148163797e-6
100.275	2.370269900934586e-6
100.35	2.3501437096128425e-6
100.425	2.330220378815966e-6
100.5	2.3104977707335842e-6
100.575	2.2909737715030114e-6
100.65	2.271646290935323e-6
100.725	2.252513262244457e-6
100.8	2.233572641779378e-6
100.875	2.2148224087592256e-6
100.95	2.1962605650114337e-6
101.025	2.1778851347127664e-6
101.1	2.1596941641333305e-6
101.175	2.141685721383342e-6
101.25	2.1238578961628474e-6
101.325	2.106208799514168e-6
101.4	2.088736563577189e-6
101.475	2.07143934134735e-6
101.55	2.0543153064363518e-6
101.625	2.037362652835599e-6
101.7	2.0205795946822284e-6
101.775	2.0039643660278343e-6
101.85	1.9875152206097385e-6
101.925	1.9712304316248594e-6
102.	1.955108291506101e-6
102.075	1.9391471117012837e-6
102.15	1.923345222454541e-6
102.225	1.9077009725901597e-6
102.3	1.892212729298869e-6
102.375	1.8768788779265366e-6
102.45	1.8616978217652112e-6
102.525	1.8466679818465622e-6
102.6	1.8317877967375903e-6
102.675	1.817055722338642e-6
102.75	1.8024702316837532e-6
102.825	1.7880298147431444e-6
102.9	1.7737329782280296e-6
102.975	1.759578245397542e-6
103.05	1.7455641558678636e-6
103.125	1.7316892654235224e-6
103.2	1.717952145830777e-6
103.275	1.7043513846530954e-6
103.35	1.6908855850687413e-6
103.425	1.677553365690369e-6
103.5	1.6643533603866927e-6
103.575	1.6512842022930152e-6
103.65	1.6383444365405183e-6
103.725	1.625532584606807e-6
103.8	1.6128471865041319e-6
103.875	1.6002868006402732e-6
103.95	1.587850003565124e-6
104.025	1.5755353897210056e-6
104.1	1.5633415711966972e-6
104.175	1.5512671774850868e-6
104.25	1.5393108552444824e-6
104.325	1.5274712680633457e-6
104.4	1.5157470962286001e-6
104.475	1.504137036497297e-6
104.55	1.4926398018716485e-6
104.625	1.4812541213774383e-6
104.7	1.4699787398456129e-6
104.775	1.458812417697143e-6
104.85	1.4477539307310156e-6
104.925	1.4368020699153355e-6
105.	1.4259556411815146e-6
105.075	1.4152134652214676e-6
105.15	1.4045743772877513e-6
105.225	1.394037226996657e-6
105.3	1.3836008781341698e-6
105.375	1.3732642084647558e-6
105.45	1.363026109542937e-6
105.525	1.352885486527615e-6
105.6	1.3428412579991024e-6
105.675	1.3328923557787965e-6
105.75	1.323037724751493e-6
105.825	1.3132763226902625e-6
105.9	1.3036071200838883e-6
105.975	1.2940290999667678e-6
106.05	1.2845412577513032e-6
106.125	1.2751426010627238e-6
106.2	1.2658321495762523e-6
106.275	1.2566089348566722e-6
106.35	1.2474720002001763e-6
106.425	1.2384204004784802e-6
106.5	1.2294532019852325e-6
106.575	1.220569482284582e-6
106.65	1.211768330061934e-6
106.725	1.2030488449768644e-6
106.8	1.1944101375181118e-6
106.875	1.1858513288606888e-6
106.95	1.1773715507249864e-6
107.025	1.168969945237945e-6
107.1	1.1606456647961663e-6
107.175	1.152397871930989e-6
107.25	1.1442257391755127e-6
107.325	1.1361284489334888e-6
107.4	1.128105193350065e-6
107.475	1.1201551741844202e-6
107.55	1.1122776026841347e-6
107.625	1.1044716994614186e-6
107.7	1.0967366943710243e-6
107.775	1.0890718263899474e-6
107.85	1.081476343498786e-6
107.925	1.0739495025647952e-6
108.	1.0664905692265918e-6
108.075	1.0590988177804877e-6
108.15	1.0517735310684198e-6
108.225	1.044514000367455e-6
108.3	1.0373195252808588e-6
108.375	1.0301894136306793e-6
108.45	1.02312298135186e-6
108.525	1.0161195523878213e-6
108.6	1.0091784585875162e-6
108.675	1.0022990396039003e-6
108.75	9.954806427938688e-7
108.825	9.887226231195468e-7
108.9	9.82024343050979e-7
108.975	9.753851724701761e-7
109.05	9.68804488576483e-7
109.125	9.62281675793286e-7
109.2	9.558161256760032e-7
109.275	9.494072368213463e-7
109.35	9.430544147778642e-7
109.425	9.367570719576925e-7
109.5	9.305146275495657e-7
109.575	9.243265074330035e-7
109.65	9.181921440936851e-7
109.725	9.121109765400138e-7
109.8	9.060824502208018e-7
109.875	9.001060169441148e-7
109.95	8.941811347972128e-7
110.025	8.883072680676239e-7
110.1	8.824838871652582e-7
110.175	8.767104685456227e-7
110.25	8.709864946340896e-7
110.325	8.653114537511776e-7
110.4	8.596848400388839e-7
110.475	8.541061533880017e-7
110.55	8.485748993664422e-7
110.625	8.43090589148528e-7
110.7	8.376527394452661e-7
110.775	8.322608724355382e-7
110.85	8.269145156982657e-7
110.925	8.216132021454627e-7
111.	8.163564699562254e-7
111.075	8.111438625115913e-7
111.15	8.059749283303053e-7
111.225	8.008492210054343e-7
111.3	7.957662991418554e-7
111.375	7.907257262945702e-7
111.45	7.857270709078812e-7
111.525	7.807699062553452e-7
111.6	7.758538103805816e-7
111.675	7.709783660388386e-7
111.75	7.661431606393605e-7
111.825	7.61347786188549e-7
111.9	7.565918392338347e-7
111.975	7.518749208083606e-7
112.05	7.471966363763574e-7
112.125	7.425565957792829e-7
112.2	7.379544131826558e-7
112.275	7.333897070236175e-7
112.35	7.288620999591773e-7
112.425	7.243712188151661e-7
112.5	7.199166945358358e-7
112.575	7.154981621341764e-7
112.65	7.111152606428434e-7
112.725	7.067676330657674e-7
112.8	7.024549263303902e-7
112.875	6.981767912405415e-7
112.95	6.939328824299324e-7
113.025	6.897228583162569e-7
113.1	6.85546381055921e-7
113.175	6.814031164993318e-7
113.25	6.772927341468175e-7
113.325	6.732149071050884e-7
113.4	6.69169312044294e-7
113.475	6.651556291556347e-7
113.55	6.611735421095213e-7
113.625	6.572227380143019e-7
113.7	6.533029073755072e-7
113.775	6.494137440556362e-7
113.85	6.455549452344741e-7
113.925	6.417262113699078e-7
114.	6.379272461592761e-7
114.075	6.341577565012012e-7
114.15	6.304174524579213e-7
114.225	6.267060472181217e-7
114.3	6.230232570602304e-7
114.375	6.193688013162051e-7
114.45	6.157424023357751e-7
114.525	6.12143785451153e-7
114.6	6.085726789421968e-7
114.675	6.050288140020215e-7
114.75	6.015119247030547e-7
114.825	5.980217479635295e-7
114.9	5.945580235144006e-7
114.975	5.911204938666867e-7
115.05	5.877089042792426e-7
115.125	5.843230027269225e-7
115.2	5.809625398691655e-7
115.275	5.776272690189836e-7
115.35	5.743169461123239e-7
115.425	5.71031329677848e-7
115.5	5.67770180807076e-7
115.575	5.645332631249175e-7
115.65	5.613203427605722e-7
115.725	5.581311883188076e-7
115.8	5.549655708515852e-7
115.875	5.518232638300549e-7
115.95	5.487040431169087e-7
116.025	5.45607686939063e-7
116.1	5.425339758607063e-7
116.175	5.394826927566674e-7
116.25	5.364536227861328e-7
116.325	5.334465533666838e-7
116.4	5.304612741486617e-7
116.475	5.274975769898495e-7
116.55	5.245552559304788e-7
116.625	5.2163410716854e-7
116.7	5.187339290354025e-7
116.775	5.158545219717382e-7
116.85	5.129956885037417e-7
116.925	5.101572332196527e-7
117.	5.073389627465564e-7
117.075	5.045406857274851e-7
117.15	5.017622127987918e-7
117.225	4.990033565678063e-7
117.3	4.962639315907671e-7
117.375	4.935437543510283e-7
117.45	4.908426432375255e-7
117.525	4.881604185235083e-7
117.6	4.854969023455433e-7
117.675	4.82851918682759e-7
117.75	4.802252933363522e-7
117.825	4.776168539093482e-7
117.9	4.750264297865938e-7
117.975	4.7245385211500894e-7
118.05	4.6989895378406606e-7
118.125	4.6736156940651504e-7
118.2	4.6484153529933523e-7
118.275	4.623386894649218e-7
118.35	4.598528715724961e-7
118.425	4.57383922939738e-7
118.5	4.549316865146479e-7
118.575	4.524960068576196e-7
118.65	4.5007673012372516e-7
118.725	4.47673704045223e-7
118.8	4.452867779142617e-7
118.875	4.429158025658056e-7
118.95	4.4056063036074236e-7
119.025	4.382211151692224e-7
119.1	4.358971123541587e-7
119.175	4.335884787549576e-7
119.25	4.3129507267141795e-7
119.325	4.290167538478326e-7
119.4	4.2675338345727574e-7
119.475	4.2450482408606913e-7
119.55	4.222709397184402e-7
119.625	4.2005159572135377e-7
119.7	4.1784665882952313e-7
119.775	4.156559971306023e-7
119.85	4.1347948005054096e-7
119.925	4.1131697833911457e-7
120.	4.091683640556318e-7
120.075	4.07033510554792e-7
120.15	4.049122924727208e-7
120.225	4.028045857131564e-7
120.3	4.0071026743380846e-7
120.375	3.9862921603285845e-7
120.45	3.965613111356313e-7
120.525	3.9450643358141044e-7
120.6	3.924644654104053e-7
120.675	3.904352898508732e-7
120.75	3.884187913063814e-7
120.825	3.864148553432228e-7
120.9	3.844233686779689e-7
120.975	3.8244421916516394e-7
121.05	3.804772957851621e-7
121.125	3.7852248863210575e-7
121.2	3.765796889020279e-7
121.275	3.746487888811053e-7
121.35	3.7272968193402464e-7
121.425	3.70822262492502e-7
121.5	3.6892642604390544e-7
121.575	3.6704206912003365e-7
121.65	3.651690892859953e-7
121.725	3.633073851292221e-7
121.8	3.614568562486121e-7
121.875	3.5961740324378057e-7
121.95	3.5778892770443373e-7
122.025	3.5597133219986827e-7
122.1	3.541645202685781e-7
122.175	3.523683964079737e-7
122.25	3.505828660642252e-7
122.325	3.4880783562221007e-7
122.4	3.470432123955671e-7
122.475	3.452889046168688e-7
122.55	3.435448214278932e-7
122.625	3.4181087287000406e-7
122.7	3.4008696987463964e-7
122.775	3.383730242538948e-7
122.85	3.3666894869121616e-7
122.925	3.3497465673218734e-7
123.	3.3329006277542293e-7
123.075	3.316150820635541e-7
123.15	3.299496306743122e-7
123.225	3.2829362551170934e-7
123.3	3.2664698429730745e-7
123.375	3.250096255615914e-7
123.45	3.233814686354249e-7
123.525	3.217624336415939e-7
123.6	3.2015244148645116e-7
123.675	3.1855141385163985e-7
123.75	3.1695927318590675e-7
123.825	3.153759426970006e-7
123.9	3.138013463436587e-7
123.975	3.122354088276727e-7
124.05	3.1067805558604014e-7
124.125	3.0912921278319505e-7
124.2	3.075888073033233e-7
124.275	3.0605676674275355e-7
124.35	3.045330194024281e-7
124.425	3.030174942804499e-7
124.5	3.0151012106471016e-7
124.575	3.0001083012558713e-7
124.65	2.9851955250872197e-7
124.725	2.970362199278696e-7
124.8	2.9556076475781385e-7
124.875	2.940931200273664e-7
124.95	2.9263321941243027e-7
125.025	2.911809972291334e-7
125.1	2.8973638842703126e-7
125.175	2.882993285823768e-7
125.25	2.868697538914643e-7
125.325	2.8544760116402934e-7
125.4	2.8403280781672304e-7
125.475	2.8262531186664813e-7
125.55	2.8122505192495567e-7
125.625	2.7983196719051145e-7
125.7	2.7844599744362e-7
125.775	2.770670830398106e-7
125.85	2.7569516490368955e-7
125.925	2.743301845228414e-7
126.	2.7297208394180304e-7
126.075	2.7162080575608623e-7
126.15	2.702762931062605e-7
126.225	2.6893848967209586e-7
126.3	2.6760733966676203e-7
126.375	2.66282787831076e-7
126.45	2.6496477942781515e-7
126.525	2.636532602360775e-7
126.6	2.623481765456975e-7
126.675	2.610494751517141e-7
126.75	2.5975710334889606e-7
126.825	2.584710089263095e-7
126.9	2.5719114016194597e-7
126.975	2.5591744581739333e-7
127.05	2.546498751325636e-7
127.125	2.53388377820461e-7
127.2	2.5213290406201035e-7
127.275	2.5088340450091823e-7
127.35	2.49639830238598e-7
127.425	2.4840213282912744e-7
127.5	2.4717026427426044e-7
127.575	2.4594417701848427e-7
127.65	2.447238239441173e-7
127.725	2.435091583664522e-7
127.8	2.4230013402894846e-7
127.875	2.410967050984619e-7
127.95	2.398988261605197e-7
128.025	2.38706452214638e-7
128.1	2.37519538669679e-7
128.175	2.3633804133925202e-7
128.25	2.3516191643715462e-7
128.325	2.3399112057285204e-7
128.4	2.3282561074699741e-7
128.475	2.316653443469948e-7
128.55	2.305102791425932e-7
128.625	2.2936037328152618e-7
128.7	2.2821558528518333e-7
128.775	2.270758740443268e-7
128.85	2.2594119881483611e-7
128.925	2.2481151921349057e-7
129.	2.2368679521379846e-7
129.075	2.2256698714184519e-7
129.15	2.214520556721865e-7
129.225	2.2034196182377866e-7
129.3	2.1923666695593198e-7
129.375	2.181361327643096e-7
129.45	2.1704032127695067e-7
129.525	2.159491948503332e-7
129.6	2.148627161654655e-7
129.675	2.1378084822400861e-7
129.75	2.127035543444355e-7
129.825	2.1163079815821626e-7
129.9	2.105625436060349e-7
129.975	2.094987549340425e-7
130.05	2.084393966901296e-7
130.125	2.0738443372024022e-7
130.2	2.063338311647062e-7
130.275	2.0528755445461317e-7
130.35	2.0424556930819809e-7
130.425	2.0320784172727065e-7
130.5	2.0217433799366565e-7
130.575	2.0114502466571977e-7
130.65	2.001198685747777e-7
130.725	1.990988368217264e-7
130.8	1.980818967735514e-7
130.875	1.9706901605992256e-7
130.95	1.960601625698053e-7
131.025	1.950553044480939e-7
131.1	1.9405441009227678e-7
131.175	1.9305744814911792e-7
131.25	1.920643875113686e-7
131.325	1.910751973145024e-7
131.4	1.9008984693347057e-7
131.475	1.8910830598634128e-7
131.55	1.8813055077515806e-7
131.625	1.8715657610015136e-7
131.7	1.8618637985750113e-7
131.775	1.852199597442397e-7
131.85	1.8425731326134434e-7
131.925	1.832984377168074e-7
132.	1.8234333022867882e-7
132.075	1.813919877280796e-7
132.15	1.8044440696219633e-7
132.225	1.795005844972439e-7
132.3	1.7856051672140615e-7
132.375	1.7762419984774671e-7
132.45	1.7669162991710066e-7
132.525	1.7576280280093332e-7
132.6	1.748377142041815e-7
132.675	1.739163596680598e-7
132.75	1.7299873457285398e-7
132.825	1.7208483414067568e-7
132.9	1.7117465343820464e-7
132.975	1.7026818737939626e-7
133.05	1.6936543072816956e-7
133.125	1.6846637810107045e-7
133.2	1.6757102396990663e-7
133.275	1.666793626643614e-7
133.35	1.6579138837458376e-7
133.425	1.649070951537479e-7
133.5	1.6402647692059937e-7
133.575	1.6314952746196426e-7
133.65	1.622762404352445e-7
133.725	1.6140660937088512e-7
133.8	1.6054062767481832e-7
133.875	1.5967828863088242e-7
133.95	1.5881958540322018e-7
134.025	1.5796451103865125e-7
134.1	1.5711305846902256e-7
134.175	1.5626522051353544e-7
134.25	1.554209898810486e-7
134.325	1.5458035917235898e-7
134.4	1.5374332088246e-7
134.475	1.529098674027783e-7
134.55	1.5207999102338305e-7
134.625	1.5125368393517993e-7
134.7	1.5043093823207545e-7
134.775	1.496117459131255e-7
134.85	1.4879609888465896e-7
134.925	1.4798398896237704e-7
135.	1.4717540787343556e-7
135.075	1.463703472585019e-7
135.15	1.4556879867379174e-7
135.225	1.4477075359308667e-7
135.3	1.4397620340972367e-7
135.375	1.4318513943857402e-7
135.45	1.4239755291798862e-7
135.525	1.4161343501173456e-7
135.6	1.40832776810903e-7
135.675	1.4005556933579723e-7
135.75	1.392818035378068e-7
135.825	1.385114703012511e-7
135.9	1.3774456044521157e-7
135.975	1.3698106472533877e-7
136.05	1.3622097383564186e-7
136.125	1.354642784102586e-7
136.2	1.3471096902520213e-7
136.275	1.3396103620009286e-7
136.35	1.332144703998699e-7
136.425	1.3247126203647903e-7
136.5	1.3173140147054917e-7
136.575	1.3099487901304198e-7
136.65	1.3026168492688965e-7
136.725	1.2953180942860864e-7
136.8	1.288052426898976e-7
136.875	1.2808197483921677e-7
136.95	1.273619959633486e-7
137.025	1.2664529610894082e-7
137.1	1.2593186528403117e-7
137.175	1.2522169345955212e-7
137.25	1.245147705708251e-7
137.325	1.238110865190273e-7
137.4	1.2311063117264875e-7
137.475	1.224133943689285e-7
137.55	1.2171936591527461e-7
137.625	1.210285355906691e-7
137.7	1.2034089314705078e-7
137.775	1.196564283106868e-7
137.85	1.1897513078352693e-7
137.925	1.1829699024453633e-7
138.	1.1762199635101971e-7
138.075	1.1695013873992339e-7
138.15	1.1628140702912326e-7
138.225	1.1561579081869856e-7
138.3	1.149532796921868e-7
138.375	1.1429386321782548e-7
138.45	1.1363753094977823e-7
138.525	1.1298427242934317e-7
138.6	1.1233407718614949e-7
138.675	1.1168693473933608e-7
138.75	1.1104283459871863e-7
138.825	1.1040176626593748e-7
138.9	1.0976371923559359e-7
138.975	1.0912868299637185e-7
139.05	1.0849664703214482e-7
139.125	1.0786760082306607e-7
139.2	1.0724153384665004e-7
139.275	1.0661843557883361e-7
139.35	1.0599829549502906e-7
139.425	1.0538110307115811e-7
139.5	1.0476684778467857e-7
139.575	1.041555191155898e-7
139.65	1.035471065474323e-7
139.725	1.0294159956826958e-7
139.8	1.023389876716564e-7
139.875	1.0173926035759924e-7
139.95	1.0114240713349749e-7
140.025	1.0054841751507477e-7
140.1	9.995728102730141e-8
140.175	9.936898720529506e-8
140.25	9.878352559522043e-8
140.325	9.820088575516632e-8
140.4	9.762105725601778e-8
140.475	9.704402968231429e-8
140.55	9.646979263309281e-8
140.625	9.589833572272438e-8
140.7	9.532964858173487e-8
140.775	9.476372085761726e-8
140.85	9.42005422156303e-8
140.925	9.364010233958575e-8
141.	9.308239093262786e-8
141.075	9.252739771799676e-8
141.15	9.197511243978465e-8
141.225	9.142552486368067e-8
141.3	9.087862477770281e-8
141.375	9.033440199292241e-8
141.45	8.979284634417512e-8
141.525	8.925394769076317e-8
141.6	8.871769591714892e-8
141.675	8.818408093363327e-8
141.75	8.765309267702935e-8
141.825	8.712472111132422e-8
141.9	8.659895622832834e-8
141.975	8.607578804832035e-8
142.05	8.555520662067712e-8
142.125	8.503720202449782e-8
142.2	8.4521764369217e-8
142.275	8.400888379520707e-8
142.35	8.349855047437599e-8
142.425	8.299075461075026e-8
142.5	8.248548644105284e-8
142.575	8.198273623526986e-8
142.65	8.148249429721009e-8
142.725	8.098475096505574e-8
142.8	8.048949661190162e-8
142.875	7.999672164628992e-8
142.95	7.950641651273379e-8
143.025	7.901857169223349e-8
143.1	7.85331777027845e-8
143.175	7.805022509987591e-8
143.25	7.756970447698282e-8
143.325	7.709160646604944e-8
143.4	7.661592173796477e-8
143.475	7.614264100303038e-8
143.55	7.567175501141899e-8
143.625	7.520325455362907e-8
143.7	7.473713046092683e-8
143.775	7.427337360578578e-8
143.85	7.381197490231474e-8
143.925	7.335292530668068e-8
144.	7.289621581752537e-8
144.075	7.244183747637039e-8
144.15	7.19897813680206e-8
144.225	7.154003862095734e-8
144.3	7.109260040772418e-8
144.375	7.064745794530891e-8
144.45	7.02046024955157e-8
144.525	6.976402536533078e-8
144.6	6.932571790728501e-8
144.675	6.888967151980435e-8
144.75	6.845587764755917e-8
144.825	6.802432778180222e-8
144.9	6.759501346070511e-8
144.975	6.716792626968472e-8
145.05	6.67430578417248e-8
145.125	6.632039985769265e-8
145.2	6.589994404664691e-8
145.275	6.548168218614134e-8
145.35	6.50656061025228e-8
145.425	6.465170767122268e-8
145.5	6.42399788170414e-8
145.575	6.383041151443023e-8
145.65	6.342299778776313e-8
145.725	6.30177297116081e-8
145.8	6.261459941098708e-8
145.875	6.221359906163609e-8
145.95	6.181472089025553e-8
146.025	6.141795717475717e-8
146.1	6.102330024450562e-8
146.175	6.063074248055357e-8
146.25	6.024027631587379e-8
146.325	5.985189423558237e-8
146.4	5.9465588777160934e-8
146.475	5.9081352530671155e-8
146.55	5.869917813896454e-8
146.625	5.8319058297887935e-8
146.7	5.794098575648433e-8
146.775	5.756495331718619e-8
146.85	5.7190953836008966e-8
146.925	5.6818980222732886e-8
147.	5.6449025441088095e-8
147.075	5.6081082508926754e-8
147.15	5.571514449839738e-8
147.225	5.535120453611052e-8
147.3	5.498925580330039e-8
147.375	5.4629291535984346e-8
147.45	5.427130502511428e-8
147.525	5.391528961672571e-8
147.6	5.35612387120833e-8
147.675	5.320914576781852e-8
147.75	5.28590042960674e-8
147.825	5.251080786459991e-8
147.9	5.216455009694734e-8
147.975	5.182022467252547e-8
148.05	5.1477825326752124e-8
148.125	5.113734585116202e-8
148.2	5.0798780093515984e-8
148.275	5.046212195790746e-8
148.35	5.012736540486411e-8
148.425	4.9794504451444524e-8
148.5	4.946353317133396e-8
148.575	4.913444569493124e-8
148.65	4.880723620943621e-8
148.725	4.8481898958931304e-8
148.8	4.8158428244457465e-8
148.875	4.78368184240902e-8
148.95	4.751706391300726e-8
149.025	4.719915918355583e-8
149.1	4.6883098765314486e-8
149.175	4.656887724515054e-8
149.25	4.6256489267275285e-8
149.325	4.594592953329429e-8
149.4	4.563719280225393e-8
149.475	4.533027389068485e-8
149.55	4.502516767264038e-8
149.625	4.472186907973329e-8
149.7	4.442037310116607e-8
149.775	4.41206747837597e-8
149.85	4.3822769231978955e-8
149.925	4.3526651607950646e-8
150.	4.323231713148312e-8